1.4609  3.9699
2.3993  4.9578
2.8041  5.3862
2.8853  5.2108
4.6734  6.2514
4.8135  6.5916
5.2392  7.8058
5.3004  8.2326
5.5601  8.5115
5.7466  8.8556
6.7523  10.0164
7.3212  10.9970
7.5623  11.3306
7.9684  12.0663
8.1216  12.4517
8.2472  12.5579
8.2871  12.7650
8.4363  12.9584
9.4731  14.0025
9.9028  14.7095
11.3497  15.8144
12.1453  16.4103
12.1998  16.5342
13.0977  17.1381
13.9903  17.8208
14.1505  17.9374
14.9591  19.3516
15.1372  19.5566
15.2169  19.5157
16.6112  19.9519
16.8766  19.8207
19.1329  20.7060
20.1808  21.8982
20.5842  22.1982
20.9869  22.8367
21.4726  23.2352
21.8649  23.8874
22.7963  24.5137
22.9653  24.8857
23.7979  25.7980
24.3368  26.2394
26.1150  28.5929
26.4156  28.7962
26.4478  28.9211
26.7759  28.8030
27.8536  29.5298
28.5126  30.7640
28.7289  31.5287
28.8552  31.7542
29.5142  31.9338
30.1020  32.4430
30.5454  32.6869
30.6981  32.9150
30.9660  33.1268
31.9056  34.7572
32.2611  34.9439
32.4352  35.0016
34.6591  37.9576
35.1389  38.2922
36.0608  38.4868
39.6935  41.3781
40.8677  42.5109
41.2178  44.1015
41.6248  45.0938
41.8197  45.4707
41.9532  45.6020
42.4442  45.8150
42.5665  45.9472
42.8562  46.3862
43.7096  47.5775
44.4967  48.9445
44.7375  49.3270
45.1455  49.8205
45.5599  50.2477
45.9100  50.4702
47.4565  51.7395
47.6039  51.7978
48.1319  52.1882
48.6860  52.4145
48.9778  52.6261
50.5984  53.3275
51.3583  53.2474
52.5079  54.0679
52.9104  54.6880
52.9925  54.8376
53.5155  55.2927
53.8458  57.1881
54.0413  57.6080
54.3093  58.2621
54.8328  59.5571
55.1459  60.2458
55.2085  60.4507
55.4677  60.6700
55.9089  61.1766
56.3184  61.7221
56.3278  61.7467
56.3987  61.7219
57.7039  62.3096
58.0301  62.3684
58.1384  62.4503
58.3578  62.4814
59.1011  62.8707
59.8250  63.0549
61.5087  64.9418
62.0185  65.6602
62.1081  65.7388
62.4420  65.9993
63.0208  66.2630
65.5388  67.1262
68.4749  70.2542
70.1686  72.1499
71.0886  73.1692
71.2506  73.4600
71.5064  73.4564
72.0053  73.9284
72.9568  74.7442
73.1736  74.9561
73.8930  75.3442
74.4470  76.3325
74.9866  77.0540
75.0443  77.0930
77.2571  78.9877
78.2330  79.7581
78.7788  80.5604
78.9267  80.9170
80.0503  82.4619
82.5936  85.6144
82.6382  85.7331
82.6510  85.8959
82.9195  86.3023
83.3385  86.5017
85.2610  87.1910
86.5006  88.5376
87.9515  89.7055
88.0000  89.8905
88.3071  90.1746
88.4846  90.3978
89.7051  91.5909
90.0684  92.1634
90.6087  92.5214
91.7196  93.8906
92.3459  94.0175
93.0096  94.5627
93.4524  95.7595
93.4820  95.9703
93.6088  96.2234
94.0288  97.0069
94.0368  97.0648
94.9824  97.6261
95.6873  97.7795
99.7632  101.3484
100.0713  102.5234
100.0728  102.4586
100.3223  103.0469
100.3783  103.1401
103.1642  104.7453
105.0631  106.6444
105.7341  107.4135
106.4592  108.2289
108.5038  110.0444
109.5886  111.2988
110.6585  112.9879
110.9965  113.6000
111.1460  113.7134
111.6492  113.9416
113.8627  115.6657
114.0654  116.4625
117.6897  119.9431
117.6929  119.9318
120.7119  122.4864
121.0084  122.9431
121.0611  123.0204
122.6140  124.5031
122.6724  124.5779
123.5577  125.1416
123.7580  125.3979
124.1618  126.1509
124.1660  126.1232
124.6359  126.6715
125.0272  126.7826
125.1810  126.8774
125.5094  127.2317
126.1126  128.1709
126.2751  128.5231
126.6950  128.9119
127.8270  129.6566
128.4587  130.6226
128.6499  130.7452
128.9931  131.7892
129.0183  131.8150
129.0955  131.9558
129.8007  132.3619
131.4755  133.1915
131.6792  133.5251
131.9768  133.7168
132.3768  133.9695
132.4695  134.3230
132.7862  134.5089
134.0743  135.8213
136.3234  138.6531
137.2874  139.5678
137.8371  139.7726
138.6417  140.7882
138.7774  141.0757
139.2029  141.1792
142.5392  145.4151
142.8082  146.2634
142.9389  146.6004
143.1445  146.9160
143.2443  146.9907
143.6518  147.2882
144.0446  147.3345
144.6174  147.6739
146.1971  148.9770
146.3614  148.9074
147.6134  149.5744
148.4049  151.1232
148.6858  151.6270
148.7229  151.6203
149.4200  152.6312
149.7079  153.3632
150.5048  154.3319
150.7901  154.3801
152.3215  154.9168
153.3082  155.4764
153.4190  155.6951
154.5607  156.1566
154.7869  156.6839
155.0478  156.9843
156.0253  157.8494
156.3498  158.5644
156.8195  159.3388
156.8709  159.3637
157.0585  159.6341
158.1657  160.9457
158.4260  161.0081
159.4660  161.6165
160.8702  162.6359
161.4540  163.5054
161.5753  164.0528
162.5012  164.7463
163.3714  165.3721
165.5794  167.1388
166.1169  168.0260
166.2450  168.4482
166.2765  168.5837
166.2847  168.5782
168.0469  169.8023
170.5909  172.3672
171.7902  173.9462
171.8216  174.1846
172.0525  175.2669
172.1429  175.5210
172.5305  175.9546
172.6033  175.9904
172.6685  175.9898
172.7790  176.1981
174.4875  176.5297
175.0662  177.7924
175.0934  177.8657
175.1501  177.9736
175.6564  178.3271
175.9962  178.7034
176.6609  179.2958
176.8114  179.5070
177.7297  180.2715
178.5694  180.6910
179.1764  181.4074
179.3090  181.7040
180.6104  182.7216
180.8395  183.0227
181.0818  183.5323
181.3998  183.7848
181.9053  184.4363
182.9015  185.2143
184.2563  186.4682
184.5264  186.9873
185.0918  187.2318
185.7849  187.7612
186.1367  188.1621
186.4038  188.2574
186.7661  189.1194
186.8524  189.1645
187.9888  189.9199
188.0400  190.1347
189.1730  191.1972
189.1775  191.1463
190.3953  192.2666
190.7161  192.9468
190.7438  192.8844
190.7685  193.0620
191.0738  193.6307
191.4414  194.4660
191.5142  194.5591
191.5990  194.7061
191.7694  194.9012
191.9936  194.9912
192.3131  195.1490
192.3258  195.1291
194.4348  196.1996
195.0090  196.9389
195.0141  196.9128
195.2216  197.2066
195.7927  197.5115
196.3291  198.1416
198.1602  199.8972
200.1929  202.0880
200.2924  202.0182
201.4804  203.1955
203.0884  205.0545
203.3210  205.0564
203.8301  205.7552
204.9169  206.9459
204.9169  207.1258
205.5691  208.0061
206.0042  208.2355
208.3149  209.9262
208.6593  211.0277
209.4013  212.2464
209.4300  212.1580
210.5132  213.0181
210.5225  213.0818
211.8005  213.4724
213.0899  214.9969
213.1145  215.2720
213.3510  215.3325
214.6985  216.3964
214.8521  216.6666
215.5285  217.9482
215.7890  218.6324
215.8583  218.5658
216.5622  219.1315
217.7104  219.5027
219.0134  221.0810
219.0841  221.1623
219.9463  221.5658
220.8471  222.9364
221.0732  223.3014
221.4541  223.2424
224.0367  225.5821
227.3996  229.1270
227.9766  229.8708
229.2089  231.0410
229.3118  231.2118
229.3408  231.4852
230.1157  232.5902
230.1516  232.7554
230.2553  232.9326
231.1718  233.6991
231.2636  233.7449
233.0584  234.7391
235.7908  238.0419
237.5135  239.7051
238.3165  240.6408
238.6128  241.0898
239.2960  241.4050
240.2789  242.2331
241.4241  244.2500
242.3870  244.8821
244.0099  245.8120
244.2481  245.9851
244.5105  247.1219
244.8319  247.3523
245.0683  247.4598
245.9668  247.5002
246.5544  248.3192
247.1834  248.7759
249.7545  251.3753
250.3646  252.1760
252.8724  254.4655
253.8129  256.9106
254.0473  257.3091
254.3801  257.5497
254.4293  257.7584
255.7880  258.6119
256.4392  259.0998
257.4124  259.4763
258.1112  259.7421
258.1881  259.9637
258.5096  260.4336
259.4734  261.5693
260.2291  262.3238
261.2087  262.9564
263.1540  264.9259
263.9797  266.1170
265.0617  266.9817
266.8125  269.1689
267.4418  269.5137
268.7951  270.6815
269.8799  271.4544
270.3920  272.1126
270.7033  272.2806
272.2229  274.2650
272.2468  274.4120
272.3355  274.8900
272.7134  275.7730
273.2171  276.0568
273.3448  276.2760
273.7793  276.3738
275.1870  277.0112
275.4134  277.7468
275.7033  277.9658
276.5557  278.8752
277.0138  279.3025
277.1763  279.3107
278.5468  280.1197
281.8529  283.9910
282.2843  284.4342
282.3135  284.2873
282.3478  284.5124
285.1291  286.8436
285.6186  287.6488
285.9284  287.9090
287.2703  290.4802
287.3885  290.8687
287.6088  291.1348
287.7390  291.3861
287.7788  291.4467
289.0401  292.5771
289.6400  293.0178
289.8352  293.0745
290.3772  293.4643
291.6578  294.5130
291.6594  294.6669
291.8040  294.5927
292.5035  294.9719
292.9750  294.8129
293.9776  295.8928
294.1563  296.2822
297.2325  298.9292
298.4110  300.2444
298.6397  300.2766
301.0324  303.4405
301.3424  303.9994
303.3092  304.9575
303.4761  305.3658
303.9752  306.1444
304.4045  306.7978
304.8243  306.9402
304.8414  307.1426
305.9513  307.5164
306.5483  309.5807
308.2639  310.9673
308.9659  311.4821
309.1787  311.9804
309.4802  312.4932
309.8308  313.5641
310.2325  314.1790
310.5501  314.6705
312.5408  315.8668
314.6532  317.3720
315.5581  317.6980
316.3831  318.1476
316.4758  318.6764
316.6710  319.2986
317.1129  319.6728
317.8553  320.7669
318.1780  321.0885
318.2451  321.3674
318.3438  321.3085
319.4615  321.9240
321.8242  324.5133
322.4576  324.8749
323.5487  325.2680
324.2923  327.3981
324.5577  327.4966
325.0676  327.8321
326.7279  328.5713
327.4829  329.2340
328.1263  330.0790
328.3886  330.5016
328.5840  331.0179
328.7609  331.2239
329.0370  331.4701
330.2242  332.3596
330.5122  333.1780
330.6891  333.1114
330.8981  333.1579
332.4325  334.0421
332.6207  334.4571
332.7570  334.4406
333.6827  335.7144
333.7719  335.7707
333.8968  335.9718
335.0182  336.7319
335.2521  338.4283
335.4853  339.1667
335.5303  339.4212
335.7000  339.8276
335.8758  339.9210
336.4916  341.1799
336.9148  342.3230
336.9558  342.4427
337.0219  342.5604
338.5021  343.8384
339.0176  344.1592
339.9279  344.7823
340.2057  344.8601
341.2866  345.5304
342.8375  346.1964
343.4305  346.5531
343.9674  346.8759
344.2460  347.0446
345.3274  347.9060
345.4478  348.2186
345.5354  348.2412
347.1595  349.4017
347.6719  349.3957
349.5315  351.6147
349.6417  351.9270
350.7840  352.5506
351.4505  353.4067
352.0366  354.9946
352.1004  355.1211
352.5069  355.5917
352.9162  356.1155
353.0339  356.3442
354.2528  357.7448
355.0874  358.3133
355.2323  358.6848
356.0619  359.3850
357.3049  360.2424
359.1059  361.5521
359.1439  361.5812
362.0970  364.2666
362.2454  364.4525
365.4898  367.2091
366.7039  368.9578
368.7637  370.7237
368.9530  371.1435
369.0787  371.0661
370.5750  372.1326
371.0988  372.8185
372.8856  374.5262
373.3729  375.3714
373.9550  375.5087
374.6972  376.7855
374.8424  376.8137
375.5890  377.2267
376.0817  378.2084
376.6316  378.5183
376.9341  378.7077
377.2061  378.9418
378.1849  379.7870
378.7979  380.6667
378.8286  380.9732
379.1926  382.1172
379.2368  382.1147
379.2523  382.2517
380.0097  382.4675
380.4344  382.4151
381.1014  382.6163
381.6459  383.2283
381.8179  383.3794
383.6240  385.5279
383.6763  385.7245
383.8142  385.9019
384.7471  386.7862
384.7926  386.6662
386.1224  387.8713
386.7312  388.6769
386.9594  388.8283
387.9750  389.4952
388.4673  391.2063
388.5247  391.1893
390.5006  392.3842
390.6947  392.5970
391.8422  393.5249
392.8854  394.3745
393.3667  395.8042
393.3721  395.7850
393.4904  395.9606
395.3271  397.6337
395.4705  398.1387
396.1923  398.4293
397.2097  398.8104
397.3314  399.3385
397.5073  399.7411
397.7031  400.3270
397.7183  400.5242
397.9981  400.7484
399.4782  401.2419
399.9953  401.5309
400.3632  402.5517
400.8112  402.7382
403.7152  405.9143
403.8390  406.3554
404.3252  407.0712
404.4771  407.3747
404.8718  407.6672
404.9626  407.6084
405.0768  407.7757
406.0438  408.4148
406.0707  408.2548
407.2477  408.9168
408.2812  409.8766
408.6942  410.8765
408.7782  411.1576
409.6088  411.4016
410.8038  412.4769
410.9309  412.6279
411.3092  413.2755
412.2351  414.2265
413.4863  416.8431
413.5822  417.0930
414.4685  417.8417
414.7704  417.7302
416.2362  418.1827
417.4219  420.2536
417.4847  420.2230
418.3070  421.6544
418.4597  421.6253
418.7279  421.8441
419.5369  422.0810
423.3914  425.2167
423.7342  425.6047
424.2549  426.0348
424.7248  426.7438
425.1271  427.9873
425.3344  428.2724
425.3658  428.2658
425.7529  428.6679
425.9969  428.8035
427.1364  429.4982
427.3286  429.6167
429.7570  431.6468
429.8048  431.7559
431.4979  433.8925
432.3629  434.8751
433.0776  436.1922
433.2473  436.3552
435.4660  437.2452
438.9326  440.4165
441.7406  443.4338
442.4310  444.1198
444.3615  445.9206
444.5358  446.2974
444.9017  447.0277
444.9393  446.9714
446.5225  448.5921
446.9028  449.4290
446.9923  449.7626
448.1862  450.9117
449.8507  451.4997
450.3561  452.5328
450.4583  452.9162
451.7244  453.5805
451.9392  453.6660
452.8359  455.6115
454.6389  456.8608
454.9017  457.3076
455.4298  457.9809
456.0799  458.3127
456.9282  458.7209
457.2047  459.4215
457.2627  459.5415
457.5458  459.8453
459.7520  461.6538
460.4600  463.0513
460.5437  462.9284
461.0542  463.1054
463.2534  466.0215
464.2038  467.2120
464.4771  467.4094
464.6426  467.5798
465.4652  468.6458
465.4779  468.7116
466.7017  469.6928
466.8112  469.5519
467.1229  469.7712
468.7111  470.5180
469.6884  472.2256
469.9085  472.3326
471.0087  473.0543
473.1780  474.8285
473.4359  475.1875
474.6806  476.4713
476.0515  478.2706
476.8709  478.5948
477.2965  478.9489
477.9715  479.8195
479.0480  480.9129
480.2293  482.0902
480.6782  482.7253
481.1479  483.1097
481.4898  483.6992
482.7644  484.4997
483.9047  485.8748
484.2305  486.1037
485.6623  487.8226
487.0462  488.5445
487.9530  489.9581
488.0614  490.4975
488.1898  491.0315
488.8143  491.6954
490.5643  492.3483
491.3439  493.1483
491.9382  494.1219
491.9985  494.1616
492.1845  494.4472
494.3021  496.5165
494.3630  497.1226
494.4033  497.3072
494.5835  498.0181
494.6439  497.9009
494.6960  498.0845
494.7287  498.2714
495.8087  499.0406
496.1749  499.1675
496.9649  499.6962
497.6382  500.6981
498.3162  501.8968
498.6070  502.3389
499.3845  502.4734
500.3672  502.9323
501.2731  504.2275
501.3920  504.8457
501.5446  505.1798
501.7913  506.0567
502.0094  506.5720
502.5018  507.5383
503.7721  508.5489
504.1705  508.8548
504.5338  509.3340
504.7616  509.2729
505.1093  509.5208
505.1126  509.3790
507.9471  511.1838
508.0725  511.1408
508.4996  511.2633
508.7675  511.2495
510.3770  513.5879
510.8991  514.3027
511.7130  515.2317
511.7527  515.3839
511.8358  515.3356
512.2687  515.8604
514.5785  520.1469
514.9752  520.8789
515.0922  521.1365
515.1562  521.0192
517.1880  522.8466
517.1981  522.9060
517.4770  523.1364
518.1288  523.5769
519.3256  524.2914
519.5808  524.6561
520.3461  525.4416
520.9852  526.0066
521.3193  526.3516
521.3833  526.5136
521.5483  526.6441
521.8416  526.9179
522.4442  527.6779
522.5820  527.7527
522.7351  527.8280
522.9991  528.1524
523.0106  528.2079
525.0072  529.4969
525.2212  529.6722
526.1307  530.2722
526.2478  530.3596
526.6183  530.7097
527.4745  531.8838
527.5651  531.9621
528.3134  533.2624
528.4326  533.2560
528.6318  533.7073
528.7648  533.7519
528.8988  533.7850
530.2903  534.5347
532.5204  535.1133
532.9395  535.4604
532.9505  535.4962
533.8999  535.9472
534.0211  536.0100
537.2676  539.8743
537.2701  539.9504
537.7056  540.6699
538.1238  540.6626
538.3682  540.9527
539.4868  541.1897
540.4242  542.2783
540.4897  542.4547
540.6652  542.7611
540.8192  542.9839
541.1905  543.0831
541.6519  543.2716
541.7819  543.6062
543.4611  545.0127
543.8927  545.7014
544.2434  546.1177
544.8092  547.2262
545.1000  548.0503
545.3043  548.7728
545.9301  550.5476
546.1409  551.2732
546.3253  551.5253
546.6848  552.3259
546.7723  552.5766
547.5749  554.4455
547.7141  554.6897
548.2444  555.4355
548.2463  555.4788
548.4602  555.5758
551.3661  556.9134
552.8632  557.6770
553.4066  557.8475
553.9839  558.1037
555.8256  559.1751
557.0083  560.6774
557.3092  561.2485
558.5780  562.8546
558.8862  563.0451
559.0114  563.1598
559.6784  563.4913
560.9589  564.4134
561.7312  564.9168
563.3172  564.9922
563.9290  567.4176
563.9596  567.3908
565.2344  568.4183
565.7905  569.0654
566.8145  570.0291
566.9013  570.0856
568.0906  570.3025
570.9241  572.8734
570.9593  572.8768
572.5045  575.2579
572.6363  575.4147
573.4650  575.6091
575.2430  576.7882
575.6495  577.5351
578.9149  580.6864
579.0456  580.7951
582.7809  584.5983
583.2726  585.0076
583.5122  585.1180
583.9627  585.7670
584.6531  586.7916
586.2939  587.7813
587.4512  589.1783
588.6898  590.1517
588.9583  590.5288
589.6089  592.5271
589.7267  592.6894
590.1442  592.6180
592.5727  594.1156
592.8312  594.3209
593.0893  595.2916
593.8838  595.7811
594.6022  596.4617
595.6782  598.7015
595.8098  599.2135
595.9090  599.6152
597.5859  600.5993
598.9736  601.1504
599.1718  601.0833
600.8627  602.6188
601.1253  603.0122
601.4145  603.1311
601.9457  603.4392
602.4491  604.4997
602.6677  604.4310
604.0496  606.0178
605.1284  607.7665
605.3674  608.0254
605.8125  608.6642
606.0417  609.1336
606.8500  609.3133
608.6634  610.6535
609.2993  611.1285
610.7442  613.0027
613.1557  614.9669
613.6943  616.4386
613.8521  616.5885
615.4471  617.0705
617.5797  619.0657
618.1227  620.0863
618.2617  620.1979
619.2047  621.6701
620.6605  623.2505
620.8251  623.3447
620.8869  623.3116
622.5655  625.2183
622.7248  625.5143
622.9798  625.4776
624.0847  625.7246
625.6825  627.3611
626.4419  628.2996
627.2951  629.7455
627.3336  629.8192
628.1352  630.7870
628.5136  631.0936
628.8015  631.4525
629.1408  632.0137
630.0433  632.7638
630.1377  632.7735
631.5715  633.3782
632.0021  633.9659
632.0227  633.8245
633.1181  634.6758
633.6138  635.3431
634.6776  636.7326
637.1148  638.9882
637.8714  639.9467
637.9636  640.4756
638.0325  640.5521
638.2071  640.8300
638.7079  640.8077
639.8278  641.8086
640.4427  642.0570
641.3429  643.0884
641.6022  643.3624
641.9873  643.8455
642.3479  644.3837
642.5259  644.6736
642.6276  644.8975
644.1589  646.4345
645.4498  647.1401
646.6162  648.4829
647.4994  649.0286
647.8262  649.2951
648.3048  649.8361
648.7953  650.8146
650.7333  653.3034
650.8517  653.7292
651.7039  655.2171
651.7151  655.3249
652.1612  655.7987
653.2547  657.9593
654.4685  659.5452
655.4463  660.1004
655.9894  660.3947
656.8716  660.9049
656.9357  660.8743
658.3375  661.6899
658.3535  661.5877
659.6771  662.4674
659.9975  662.6721
661.4770  663.9230
661.7114  665.0071
661.7226  665.2178
661.7704  665.2591
661.9201  665.5266
662.9192  667.1964
663.2328  667.6076
663.6595  668.0777
663.8467  668.4313
664.2137  668.7919
664.4759  669.0668
664.5867  669.1896
665.0092  669.7138
665.2130  669.8049
665.3100  669.9618
665.3909  669.9794
666.4917  670.3696
667.8589  670.8510
668.1019  670.8725
669.4730  671.1271
671.0928  673.2804
672.2932  673.9134
673.3977  675.6640
673.9316  676.8013
674.0775  676.8687
674.4043  676.9331
675.7216  677.6028
675.9311  677.6727
676.5773  679.4414
677.2400  679.5777
678.4540  680.4669
678.7241  681.3797
678.9476  681.7662
679.7946  682.9145
680.2596  683.5238
680.9669  685.1370
680.9708  685.0946
681.5230  685.7285
681.8505  686.0288
682.0570  686.0395
682.3996  686.1109
683.5265  686.6681
684.2203  686.9791
684.7828  686.9902
685.7283  687.8118
687.4934  689.1255
687.7408  689.3607
690.8881  692.5046
691.3843  693.4256
691.7649  693.7384
692.3940  694.5746
692.4902  695.1058
692.5874  695.2090
692.6905  695.2453
692.7465  695.4245
694.5584  697.4725
694.7666  697.5863
695.0474  697.8198
695.7612  698.4563
696.4015  699.0776
697.4147  699.5364
697.7510  699.7883
698.8692  700.5979
699.4354  700.9482
700.3749  702.6042
700.3864  702.7109
701.9624  704.1907
702.7019  704.9774
702.8840  705.2619
703.1636  705.6764
703.4299  706.4466
703.8271  707.0753
704.3470  707.2804
704.4555  707.2616
705.5643  707.4940
706.5705  708.2602
707.5558  709.2829
712.5340  714.2293
712.9722  714.8041
715.0876  717.0783
715.5638  717.3412
716.6525  718.2608
717.3586  719.6026
717.6959  719.7232
719.0544  720.9635
719.6934  721.6582
721.6766  723.5216
722.2792  723.7802
722.8161  725.5209
724.3684  725.9492
725.0143  726.7403
725.1697  726.8541
725.6725  727.4105
727.9348  729.6180
728.8561  730.7404
729.8447  731.7054
730.8306  732.4391
731.6976  733.6452
731.7549  733.6889
732.2217  734.2870
732.4199  734.6083
733.0195  735.0429
733.5783  735.2849
733.8215  735.9194
736.1011  737.8487
736.4185  738.4213
736.6214  738.7831
736.6908  738.9915
737.0609  739.4851
737.3454  739.7999
737.4686  739.8935
737.8361  739.9292
739.1981  741.1752
739.4820  741.2020
739.9008  741.8166
740.6558  742.4718
741.2377  742.9642
745.5445  747.6156
746.4725  749.0680
746.4985  748.8915
747.7078  749.2568
748.3641  749.9313
749.2936  751.2984
749.5051  751.9789
749.8482  752.7732
749.8890  752.8978
749.9703  752.9756
750.8373  754.1861
751.5473  754.5754
751.7733  754.9734
751.9472  754.9841
753.2447  755.9052
753.5586  756.4019
754.6640  756.7683
755.1984  757.1273
755.6114  757.7788
756.8271  758.6274
757.1411  759.2145
757.7191  759.6409
759.3307  760.9367
761.7523  763.7794
762.3598  763.9400
762.7807  764.5985
763.6133  765.3680
764.0093  766.0736
764.6670  768.2956
764.6785  768.1583
764.9790  769.0021
764.9904  768.8528
765.8008  769.3958
766.8409  769.5420
767.7094  769.8053
767.9605  769.9844
770.3325  772.5154
770.7156  773.2031
772.3243  774.6616
773.1090  775.4536
773.4913  775.9664
775.1110  777.3793
775.4680  777.9609
775.7689  777.7571
777.4357  778.9446
779.1235  780.9600
779.3567  781.1493
780.2990  782.5914
780.6347  782.5659
781.3784  783.9340
781.8481  784.1322
781.9755  784.3501
783.7178  785.3747
783.9700  785.9579
785.2081  787.3441
787.0578  789.3439
787.2007  789.3639
788.4738  790.4029
788.7397  791.5674
789.0142  791.6796
789.4756  792.1854
790.1511  792.3826
790.2264  792.4890
791.2445  793.0520
792.0865  793.8793
792.6914  794.5211
792.9587  795.9197
793.4222  796.7323
793.5584  796.6614
795.4777  797.2161
796.3184  798.2598
797.1181  799.0602
797.2245  799.2473
797.4390  799.4046
797.7875  799.5419
798.5751  800.4712
798.9262  800.8446
799.6822  801.4057
800.2494  802.2240
800.2960  802.3414
800.6536  802.8455
800.7820  803.1830
801.3946  803.8909
803.0757  805.4105
803.2419  805.6383
804.3899  806.1177
804.9564  806.6600
805.0085  806.7698
806.2562  807.8641
806.6286  808.2839
807.0413  809.5530
807.1075  809.5443
807.6423  810.1147
808.2375  810.7519
808.3200  810.8970
808.3647  811.1282
808.3650  811.0532
809.4044  812.0841
809.8737  812.9981
810.0919  813.3840
810.6688  813.8083
810.9079  814.0704
811.6641  814.2567
811.6819  814.5204
814.8913  816.7746
815.4028  818.4032
815.9310  819.6762
816.5519  820.2251
817.2966  820.8128
817.3242  820.6052
817.5687  820.7247
818.3840  821.0297
819.1506  821.3907
822.9664  824.6823
823.8906  826.7531
823.9122  826.6183
824.2720  827.2991
824.4987  827.5105
824.5073  827.4255
824.7830  827.6972
826.2435  828.0389
826.4096  828.0581
826.6697  828.3612
827.4086  829.2610
827.5096  829.5469
827.6254  829.6442
827.9514  830.3491
828.3477  831.5552
828.4414  831.8257
828.4648  831.8215
828.6759  831.7702
829.6515  832.6548
830.2640  833.3362
830.6654  833.4490
831.7818  834.2560
832.9526  835.5651
832.9626  835.4573
833.5202  835.9346
833.9603  836.4735
834.1914  836.3661
834.5654  836.6643
835.5773  837.7094
835.8672  838.3719
835.9358  838.4002
836.0836  838.7951
837.0364  839.7227
837.9993  840.3848
838.8922  841.0468
839.3727  841.1488
840.1812  841.7417
841.1868  843.0580
842.3670  844.0501
842.4483  844.3367
844.7408  846.8156
844.7794  846.9621
845.4760  847.8672
845.7806  848.1747
846.7727  848.7323
847.1627  849.2091
847.3491  849.1864
847.5106  849.4577
849.1284  850.8310
849.5248  851.6933
849.5789  851.8694
849.6008  852.0938
849.6542  852.1487
850.8627  852.4997
851.2726  853.3302
852.4388  854.4339
852.4883  854.6400
852.7052  855.0593
852.8339  855.0276
854.8732  856.3832
855.6388  857.3091
856.4608  858.4140
857.1065  859.0218
859.0589  861.2049
860.3127  861.8346
861.4380  863.0816
861.8810  863.7085
862.7441  864.8494
862.8189  864.9956
864.4042  866.7676
865.8924  867.7051
867.4628  869.0793
868.2223  870.5093
868.3171  870.8928
868.5735  871.3272
868.9979  871.6362
869.2760  871.9802
869.5408  872.0526
870.4874  872.6798
870.5109  872.6367
870.5777  872.6712
872.7252  874.8325
872.7660  874.7953
874.0286  875.5768
874.4496  876.1105
876.1794  877.9020
877.2945  879.0389
877.5320  879.5087
879.0700  880.6902
879.2097  880.9847
879.5112  881.1595
880.2285  882.4141
880.7119  883.0514
880.7602  883.0241
881.0548  883.2026
881.8229  883.9375
881.9020  884.0294
881.9366  884.0572
883.0811  885.9345
883.2203  886.5901
883.5762  887.1746
883.8151  887.5759
884.8442  888.9689
884.9332  889.1166
885.5987  889.9689
885.7290  890.2465
886.1126  890.8204
886.2328  890.8303
887.0708  891.8337
887.5682  892.3127
888.1338  892.7025
888.4083  892.9013
893.6598  895.3444
893.9916  895.6596
894.1146  896.3879
894.1915  896.7462
894.2211  896.5467
894.3524  896.7792
896.1960  898.1989
896.7944  899.0308
898.2148  899.8932
898.4253  900.2440
898.5141  900.4481
900.8231  903.3967
901.1063  903.7546
901.1821  903.7320
901.9383  904.5796
901.9445  904.6608
902.8064  905.0892
903.7467  905.9538
903.7893  906.0219
904.8691  906.6288
905.3054  906.8217
907.4306  909.6912
909.9980  911.8493
910.2292  913.0158
910.2988  913.4503
910.3469  913.5353
910.5275  914.0120
911.0550  914.3640
911.1669  914.6669
911.3472  914.7080
913.6695  916.2205
913.6752  916.0755
914.4933  916.4938
915.1923  917.3798
915.2969  918.1447
915.3149  918.0840
915.4996  918.4728
916.0977  919.5056
916.3480  920.0316
916.7343  920.3904
916.8531  920.3500
917.0254  920.4481
917.8502  921.2790
917.9327  921.4200
919.1426  922.3404
919.6053  922.8930
920.7363  924.2409
920.9296  924.3661
921.1871  924.6369
921.5625  924.7619
923.0684  925.6435
925.0403  927.2651
926.3348  928.3321
927.6118  929.7029
927.6767  929.8812
928.3333  930.2532
928.9052  930.6046
929.1010  931.3594
929.4532  932.0488
929.7039  932.6197
930.1879  933.1191
931.1751  933.8280
931.5814  933.9781
931.6096  934.0926
931.9541  934.2772
933.5617  935.5009
935.0086  936.8024
935.4139  937.4181
936.4986  939.5348
936.5458  939.4137
936.8540  939.6762
937.9701  939.8821
938.8123  940.2760
940.0086  941.6048
941.1604  942.8434
941.5798  943.2288
943.2986  945.1212
943.9388  945.5379
944.8632  946.6529
945.3253  947.2284
946.1014  947.7517
946.2068  948.0893
946.5291  948.6863
946.6436  948.7771
947.9137  949.7423
948.0621  949.7192
949.1263  950.9997
949.1856  951.1260
952.8285  954.5034
953.9424  955.4630
956.8666  958.9671
958.4388  961.3427
958.5509  961.3361
960.0902  963.0022
960.7473  963.4743
960.9218  963.6801
962.0101  964.0793
962.2135  964.0710
963.0929  965.2145
963.1212  965.3821
963.3111  965.4429
964.0710  965.6992
964.5740  966.3401
965.3469  967.6367
965.4142  967.8157
965.8958  967.8418
967.8064  969.5484
969.0251  971.0790
969.1124  971.2249
971.5324  973.4326
971.5885  973.4528
973.5656  975.3303
974.4182  976.0435
975.1768  976.8947
976.0712  977.9362
976.6232  978.4743
977.2140  978.7364
977.6562  979.5324
978.6035  980.3344
979.0322  980.8919
979.2728  981.2586
980.9051  983.3316
980.9728  983.7229
981.0481  983.7451
981.3829  984.1989
981.9786  984.6840
982.7841  984.7771
983.9726  986.0669
983.9809  986.0098
986.5049  988.0543
986.8538  988.7531
987.8008  990.1116
987.9146  990.1833
988.0610  990.7020
988.1321  990.5862
988.1671  990.5807
989.2234  991.0759
989.8707  991.7221
990.8156  992.6030
991.1689  992.9339
992.4250  994.2315
992.5221  994.1449
993.3855  995.2659
993.9289  996.0979
994.0244  996.3079
996.4938  998.2740
998.3824  1000.4511
998.4107  1000.6496
