1.4362  3.9700
2.3587  5.2074
2.7568  5.3670
2.8365  5.2917
3.6846  5.4952
4.5944  6.3813
4.7322  6.4075
5.1507  7.6130
5.2109  8.0212
5.4661  8.5870
5.6496  8.8103
6.5159  9.6656
6.6382  9.9816
7.1976  10.7995
7.4346  11.2695
7.8338  12.1617
7.9844  12.3134
8.1079  12.6424
8.1471  12.8593
8.2938  12.8919
9.3130  14.0844
9.3291  14.0297
9.7355  14.7098
11.1579  15.8957
11.3570  15.9432
11.9401  16.5557
11.9937  16.5328
12.8764  17.4113
13.5380  17.8869
13.7540  18.2436
13.9114  18.3633
14.7064  19.2868
14.8676  19.5172
14.8815  19.5880
14.9598  19.6496
14.9781  19.6986
16.3306  19.8909
16.5915  19.8518
17.7292  19.9595
18.8097  20.5935
19.8400  21.5837
20.2365  21.7397
20.6324  22.5155
21.1099  22.9896
21.4498  23.4931
21.4956  23.6868
22.4112  24.0268
22.5774  24.4351
23.3960  25.4818
23.9257  25.8941
25.0664  27.1760
25.1808  27.6744
25.5596  28.1138
25.6739  28.1722
25.9694  28.2951
26.0010  28.3225
26.3236  28.4888
27.0289  28.9459
27.3831  29.2622
28.0310  30.2282
28.1403  30.6387
28.2437  30.9798
28.3521  31.1732
28.3678  31.1311
29.0157  31.5835
29.5935  31.8972
30.0295  32.2167
30.1796  32.3049
30.4430  32.5191
30.6420  32.7118
31.3667  34.3052
31.5981  34.4099
31.7161  34.5027
31.8873  34.6787
34.0736  37.5539
34.1075  37.4388
34.5453  37.7872
35.4517  37.9606
36.3357  38.3123
39.0230  40.7579
40.1774  42.0768
40.5215  43.3934
40.9217  44.5447
41.1133  44.7358
41.2445  44.8253
41.7272  45.2148
41.8474  45.4555
42.1323  45.8290
42.9713  47.0028
43.0794  47.1029
43.7451  48.2881
43.9818  48.5518
44.0670  48.6910
44.3829  49.1826
44.7903  49.6460
45.1345  50.0133
46.6548  51.3085
46.7998  51.4488
47.3189  51.6526
47.8636  52.0739
48.1504  52.1779
49.7437  52.9250
50.4908  53.0556
51.6209  53.5845
52.0166  54.1469
52.0974  54.1922
52.6115  54.9342
52.9363  56.6090
53.1284  57.2476
53.3919  57.7715
53.9066  59.0510
54.2144  59.6546
54.2759  59.7876
54.5307  60.1814
54.9645  60.4651
55.3671  61.0234
55.3763  61.0473
55.4460  61.0559
56.7292  61.5388
57.0499  61.9551
57.1564  61.7680
57.3721  61.8071
58.1027  62.1186
58.8144  62.6256
60.2106  64.0944
60.4583  64.3663
60.4697  64.5670
60.9709  65.1008
61.0590  65.3662
61.3872  65.5571
61.9563  65.8123
64.4317  66.7000
67.3183  69.3083
67.3482  69.2886
68.9834  70.9478
69.6540  71.8134
69.8878  72.1245
70.0470  72.3450
70.2985  72.4438
70.5940  72.7880
70.7889  72.8342
70.8361  72.8128
71.7245  73.4172
71.9375  73.8865
72.1195  73.9902
72.6448  74.1205
73.1894  75.1665
73.7200  75.7242
73.7767  75.9323
75.9520  77.7694
76.9115  78.6007
77.4480  79.4132
77.5934  79.6015
78.6981  81.0943
78.7502  81.3017
80.0266  81.7347
81.1256  83.9676
81.1984  84.2101
81.2423  84.3950
81.2549  84.5986
81.5189  84.9742
81.9308  85.3094
83.8207  85.9467
85.0394  87.1706
85.0735  87.1562
85.9301  87.6802
86.4658  88.1646
86.5135  88.5097
86.8155  88.6270
86.9899  88.8128
88.0035  89.9287
88.1898  90.1155
88.5470  90.5491
89.0782  90.9621
89.7293  91.8300
90.1703  92.4211
90.7860  92.5307
91.4385  93.1033
91.8738  94.0890
91.9029  94.1636
92.0276  94.6502
92.4405  95.3840
92.4484  95.5221
93.3779  96.0707
94.0710  96.3389
96.3958  97.9330
98.0780  99.6580
98.3809  100.9429
98.3824  100.7556
98.6277  101.4351
98.6827  101.4775
100.3377  101.9346
101.4215  103.0625
103.2884  104.8813
103.9481  105.5584
104.5413  106.1679
104.6609  106.5685
106.6709  108.3287
107.3382  108.8477
107.7375  109.4949
108.7893  111.2877
109.1215  111.8474
109.2685  111.9577
109.7632  112.3006
111.9394  113.7504
112.1386  114.6166
115.7017  117.8187
115.7049  117.7951
115.7905  118.1662
116.3732  118.5546
117.0828  118.7140
118.6728  120.5689
118.9643  120.7905
119.0161  120.9716
120.5428  122.5424
120.6002  122.5023
121.4706  123.1278
121.6675  123.2502
122.0645  124.0726
122.0686  124.2380
122.5306  124.3462
122.9152  124.6841
123.0665  124.6870
123.3893  125.1051
123.9823  126.1246
124.1421  126.4385
124.5549  126.5904
124.6037  126.7992
125.6677  127.4563
125.7813  127.5959
126.1147  127.9890
126.2888  128.4743
126.4768  128.8189
126.8141  129.4750
126.8389  129.6843
126.9149  129.7241
127.6081  130.1240
127.8130  130.1601
129.2546  130.9859
129.4549  131.3770
129.7475  131.3051
130.1407  131.9389
130.2318  132.0342
130.5432  132.2898
131.8095  133.6644
132.4295  133.9349
134.0206  136.6993
134.3048  136.9756
134.3851  137.1722
134.9684  137.5202
135.5088  137.7792
136.2998  138.6004
136.4332  138.9087
136.8515  139.2362
137.8458  139.6745
138.3009  141.0178
138.3683  141.3458
138.4673  141.2736
138.6050  141.5938
139.3346  142.0159
139.9322  143.1589
140.1315  143.5221
140.3959  144.2890
140.5244  144.4401
140.7265  144.7211
140.8246  144.9322
141.2252  145.1998
141.4559  145.1586
141.6114  145.4076
142.1746  145.6701
143.2443  146.4801
143.7276  146.9019
143.8890  147.0484
145.1199  147.7038
145.8980  149.1816
146.1742  149.9592
146.2107  150.0468
146.8960  151.2648
147.1790  151.6371
147.6912  152.0317
147.9625  152.3804
148.2429  152.6848
149.7485  153.1552
150.7185  153.7659
150.8275  153.8608
150.8502  153.8968
151.9499  154.8135
152.1722  154.8418
152.4287  154.8812
153.3898  155.8045
153.7088  156.4154
154.1705  156.8028
154.2211  156.8678
154.4055  157.2795
155.1809  158.2098
155.4940  158.5883
155.7498  158.6015
155.8900  158.6551
156.7724  159.3012
158.1528  159.8813
158.7268  160.7995
158.8460  161.3840
158.9120  161.4828
159.7563  162.0097
160.1914  162.2475
160.6118  162.5763
161.3794  163.5157
162.7824  164.3911
163.3109  165.2780
163.4368  165.6845
163.4677  165.5915
163.4758  165.8671
165.2083  166.9959
165.4078  166.9573
167.7093  169.4357
168.8884  171.0066
168.9192  171.2046
169.1462  172.4283
169.2351  172.7354
169.6161  173.2071
169.6877  172.9949
169.7518  173.2987
169.8604  173.2560
171.5401  173.7288
172.1090  175.1315
172.1358  175.0979
172.1915  175.2178
172.6892  175.4772
173.0233  175.8384
173.1203  175.7526
173.6768  176.5266
173.8247  176.8281
174.7275  177.5133
175.4336  177.8718
175.5530  178.1823
176.1498  178.6755
176.2237  178.7462
176.2801  178.8019
177.5548  180.2048
177.5596  180.3339
177.7848  180.4180
178.0230  180.6977
178.3357  181.2272
178.5849  181.5495
178.8326  181.8361
179.8119  182.3385
181.1439  183.3917
181.4094  183.8752
181.4632  183.7933
181.9652  184.0166
182.6466  184.5469
182.9925  185.0340
183.2550  185.1777
183.6113  185.9299
183.6961  186.0631
184.1748  186.0742
184.8133  186.9185
184.8636  186.9854
185.9775  188.0796
185.9820  187.9846
187.1792  189.0095
187.4946  189.7535
187.5218  189.8435
187.5461  189.9668
187.8462  190.2570
188.2076  191.2570
188.2791  191.2842
188.3625  191.3462
188.5300  191.7368
188.7505  191.7873
189.0646  191.8498
189.0770  191.9710
189.4255  191.9878
191.1504  193.0268
191.7149  193.7883
191.7199  193.7878
191.9239  193.9041
192.4854  194.0945
193.0127  194.9379
194.8129  196.5343
195.4634  197.3777
196.8113  198.5836
196.9091  198.6708
198.0770  199.7532
199.6579  201.5104
199.8865  201.7696
200.3870  202.3074
200.6212  202.5769
201.4554  203.6673
201.4555  203.6758
202.0967  204.6071
202.5244  204.8910
204.7961  206.3795
204.9939  207.1754
205.1347  207.5382
205.8641  208.7607
205.8923  208.7538
206.0073  208.7983
206.9573  209.5490
206.9664  209.5831
208.2228  209.8651
209.4904  211.4852
209.5146  211.6190
209.7471  211.9071
211.0719  212.8618
211.2228  213.0000
211.6908  213.6242
211.7685  214.0863
211.8878  214.2435
212.1439  214.9399
212.2121  214.9134
212.4570  214.9662
212.9041  215.6151
214.0329  215.9739
214.0711  215.9837
215.2021  216.9922
215.3139  217.4916
215.3833  217.5654
216.2310  217.7495
217.1166  219.3696
217.2120  219.5106
217.3389  219.5391
217.7133  219.6230
219.5650  221.4901
220.2523  222.0591
223.5584  225.5010
224.1257  225.9977
225.3371  227.1196
225.4383  227.4636
225.4668  227.5474
226.2286  228.7363
226.2639  228.8020
226.3658  229.1288
227.2669  229.8767
227.3572  229.6643
229.1216  230.6598
230.2054  232.0170
230.3369  232.0479
231.4696  233.6512
231.8079  234.1020
231.9150  233.9911
233.5014  235.5578
234.2909  236.6581
234.5822  237.3003
235.2538  237.7854
236.2201  238.4166
236.8834  238.7526
237.1613  239.7999
237.3460  240.3309
237.9536  240.7405
238.2702  241.0389
238.2926  240.9117
239.8881  241.6343
240.1223  241.8095
240.3802  242.9989
240.6962  243.1733
240.9286  243.2500
241.8120  243.5719
242.3896  244.1273
243.0080  244.7522
244.7238  246.7090
245.5357  247.0709
246.1355  247.8010
246.8044  248.9942
246.9131  249.1828
248.6009  250.3231
249.5255  252.8703
249.5555  252.8333
249.7560  253.1812
250.0831  253.5521
250.1315  253.4949
251.4673  254.7648
252.1074  255.1018
253.0643  255.4445
253.7512  255.6993
253.8268  255.9661
254.1429  256.2685
254.1670  256.2033
255.0904  257.0698
255.2892  257.5854
255.8334  257.9236
256.1656  258.0044
256.7964  258.3827
257.6952  259.3159
258.7089  260.6730
259.5206  261.9206
259.6450  261.9253
260.5843  262.7656
261.3719  263.2578
262.3056  264.6580
262.9242  265.0016
263.6722  265.3761
263.7549  265.4290
264.2546  266.2757
265.3211  266.8880
265.8245  267.7427
266.1306  267.8968
267.6245  269.8011
267.6481  269.9816
267.7352  270.2372
268.1068  271.1384
268.2457  271.2618
268.6020  271.5154
268.7275  271.6315
269.0893  271.6201
269.1547  271.8218
269.3045  271.7356
270.5386  272.3702
270.7612  273.2410
271.0461  273.3545
271.5348  273.3423
271.8842  274.0665
272.0736  274.3663
272.3345  274.6784
272.4943  274.8267
273.8417  275.4828
277.0918  279.3236
277.5160  279.7166
277.5447  279.7861
277.5784  279.7159
280.3128  282.2850
280.4775  282.6346
280.7939  282.9783
281.0985  282.9212
281.5473  283.5426
281.9514  284.9743
282.4177  285.8988
282.5340  286.1669
282.7505  286.4527
282.8786  286.8017
282.9176  286.6813
284.1577  287.9489
284.7474  288.3171
284.9394  288.7256
285.4722  288.9651
286.7312  289.9470
286.7327  290.0486
286.8749  290.0397
287.5626  290.1265
288.0261  290.3159
289.0118  291.3872
289.1875  291.6512
292.2117  293.7917
293.3702  295.1629
293.5951  295.4352
294.4158  296.7903
295.4999  297.2706
295.9474  298.2134
296.0818  298.7735
296.2521  299.0189
296.2810  298.8436
298.1858  299.7745
298.3498  300.2883
298.5686  300.4674
298.8405  300.8142
299.2625  301.6239
299.6726  301.8745
299.6752  301.8656
299.6920  301.9690
300.3593  302.0992
300.7832  302.4509
301.3701  304.5244
302.3840  305.4039
302.7657  305.7023
303.0568  305.9779
303.1610  306.0571
303.7469  306.8571
303.9561  307.2896
304.2525  307.6699
304.5357  308.5447
304.5972  308.6666
304.9921  309.4043
305.3043  309.9003
305.5986  309.9072
307.2614  311.3022
308.2920  311.9945
309.3381  312.6077
310.2278  313.1793
310.6526  313.3889
311.0388  313.9859
311.1299  314.2676
311.2391  314.2652
311.3218  314.6680
311.7562  315.3053
312.4861  316.0400
312.5316  315.9880
312.8033  316.3322
312.8410  316.5213
312.8693  316.6559
312.9663  316.5587
314.0652  317.4942
315.3040  318.5804
315.7100  319.1534
316.0884  319.5822
316.3880  319.7765
316.4646  319.8482
317.0107  320.3742
317.2479  320.5297
318.0834  321.6852
318.8144  322.4121
319.0754  322.6609
319.5766  323.0810
321.2088  324.0211
321.9511  324.4993
322.5836  325.3707
322.8415  325.7411
323.0336  325.9513
323.2075  326.2138
323.4790  326.5091
324.6461  327.6321
324.9292  328.0192
325.1031  327.8557
325.3086  328.0409
326.8170  328.5024
327.0021  328.8106
327.1361  328.9126
328.0462  330.1974
328.1339  330.1687
328.2566  330.2774
329.3591  331.0836
329.5890  332.6360
329.8183  333.6216
329.8625  333.6533
330.0294  334.1526
330.2022  334.4670
330.8076  335.5710
331.2237  336.5467
331.2640  336.7225
331.3289  336.8910
331.9774  337.7333
332.0421  337.7815
332.7842  338.4537
333.2910  338.8196
334.0155  339.0650
334.1858  339.2701
334.4589  339.5679
334.5168  339.4574
335.5217  339.9842
337.0463  340.9564
337.6293  341.2450
338.1572  341.7703
338.1980  341.6446
338.4310  341.6682
339.4942  342.6239
339.6126  342.6878
339.6987  342.8214
339.7358  342.9540
339.9338  343.2532
339.9971  343.1284
341.2954  343.8102
341.7991  343.8348
343.3440  345.3028
343.4226  345.5544
343.6273  345.8279
343.7356  346.0506
344.8586  346.5264
345.5138  347.6474
345.7457  348.2750
346.0491  349.1083
346.0901  349.0757
346.1528  349.2588
346.5524  349.6145
346.9548  350.1050
347.0705  350.2500
348.2688  351.8237
348.5032  351.9269
349.0893  352.7548
349.2318  352.8234
349.4135  352.9770
350.0474  353.6563
350.3750  354.0788
351.2694  354.7416
352.0159  355.1669
353.0064  355.8517
353.0399  355.9596
353.0772  355.8415
354.1419  356.8563
355.9805  357.9973
356.1264  358.4986
358.6597  360.2289
359.3160  361.0021
360.5095  362.8172
361.1698  363.7683
362.5346  364.5813
362.7207  365.0026
362.8442  364.8983
364.3153  366.0732
364.8302  366.5465
365.7434  367.2960
366.5868  368.2930
366.9913  369.0544
367.0112  369.1015
367.0659  369.0525
367.6382  369.1945
368.3679  370.4263
368.5106  370.3428
369.2446  370.8017
369.7290  371.7495
369.7889  371.7862
370.2696  372.1036
370.5670  372.3609
370.8343  372.7204
371.7966  373.4586
372.3993  374.2275
372.4295  374.4478
372.7873  375.6508
372.8307  375.8029
372.8460  375.9013
373.5906  376.0799
374.0081  375.9984
374.6639  376.4340
375.1992  376.8580
375.3682  377.1563
377.1439  379.0250
377.1953  379.2255
377.3309  379.3511
378.2480  380.3861
378.2927  380.4361
379.6001  381.3129
379.9840  381.8831
380.1986  382.1098
380.4229  382.2376
381.4214  383.1625
381.9054  384.6735
381.9617  384.6752
383.9043  385.8355
384.0951  385.9515
385.2232  386.9011
386.2488  387.9600
386.6033  388.5358
386.7220  389.2634
386.7273  389.0597
386.8436  389.3009
388.6492  390.8700
388.7145  391.1504
388.7903  391.4495
389.4999  391.8334
390.5001  392.1803
390.6197  392.5280
390.7926  392.9049
390.9852  393.5388
391.0001  393.6172
391.2751  394.0678
392.7303  394.4467
393.2386  394.9685
393.6003  395.7829
394.0407  395.9318
396.2821  398.1422
396.8957  398.8928
397.0174  399.5063
397.4954  400.3367
397.6447  400.4010
398.0327  400.7469
398.1220  400.8877
398.2342  401.0792
399.1850  401.6701
399.2114  401.5832
400.3686  402.0590
401.3845  403.0231
401.7906  404.1267
401.8732  404.3830
402.6898  404.5561
403.0622  404.8136
403.8646  405.5196
403.9895  405.8219
404.3614  406.3585
405.2717  407.2649
406.5017  410.0033
406.5960  410.0518
406.8020  410.3936
407.4674  411.0255
407.7641  410.9276
409.2052  411.2334
409.7526  411.5357
410.1743  412.9127
410.3708  413.3264
410.4326  413.3331
411.2410  414.6297
411.3911  414.7713
411.6548  414.9427
412.4501  415.2476
412.9149  415.3238
413.6470  415.7059
416.2395  418.0059
416.5766  418.4612
417.0884  418.9664
417.5504  419.6670
417.8673  420.5066
417.9459  420.7797
418.1458  421.1096
418.1497  421.1486
418.1806  421.1650
418.5611  421.4902
418.8010  421.6352
419.5885  422.0122
419.9213  422.2468
420.1102  422.4836
421.5758  423.2320
422.4976  424.5075
422.5446  424.4647
423.1305  425.4564
424.2091  427.0191
425.0594  428.1454
425.3042  428.6089
425.7621  429.2106
425.8401  429.0787
425.9289  429.2796
428.1101  430.0451
431.5182  433.2484
432.9017  434.7763
434.2788  436.2298
434.3242  436.0380
434.9575  436.6057
436.8554  438.5807
437.0267  438.9310
437.3864  439.5523
437.4235  439.6406
438.0847  440.2257
438.7288  440.6236
438.9799  441.4797
439.3537  441.9901
439.4417  442.4059
440.6155  443.5398
440.6898  443.5552
441.8505  444.0002
442.2519  444.1662
442.7487  445.1002
442.8492  445.3776
443.3832  445.5408
444.0939  445.9661
444.3051  446.1123
445.1867  447.7972
445.3154  448.0622
445.3422  447.9708
446.9592  449.5251
447.1807  449.7532
447.2176  449.8201
447.7368  450.5193
448.3758  450.7478
449.2098  451.5057
449.4817  451.8396
449.5387  451.8925
449.7182  451.9949
449.8170  452.2383
451.9859  453.7053
452.0989  454.0327
452.6820  455.2142
452.7642  455.3204
453.2661  455.5196
454.2155  455.8934
455.4282  458.3835
456.3625  459.5886
456.6312  459.8081
456.7939  460.0443
456.9713  460.1705
457.2122  460.3953
457.6026  460.9885
457.6151  460.9266
458.7336  461.7197
458.8183  461.8589
458.9259  462.0311
459.2323  462.0986
460.7937  462.5142
461.7545  464.2564
461.9709  464.5385
462.8035  464.8274
463.0524  465.0082
463.7602  465.4293
465.1851  466.7913
465.4386  467.2739
466.6624  468.4225
468.0101  470.3189
468.8157  470.5501
469.2341  470.7779
469.8976  471.9530
470.9560  472.8187
471.9864  473.6207
472.1173  473.8816
472.5586  474.5329
472.6766  474.7650
473.0204  475.0789
473.2605  475.2614
473.3565  475.5976
474.6096  476.4458
475.7301  477.8456
475.7307  477.8288
476.0510  478.1741
477.4585  479.8055
478.8191  480.3723
479.7106  481.7424
479.8171  482.3177
479.9434  482.7500
480.5573  483.3657
480.8693  483.4442
482.2777  484.0731
483.0441  484.7869
483.2158  485.0971
483.6285  485.7372
483.6877  485.9172
483.8705  486.1769
485.9524  488.1290
486.0123  488.8367
486.0519  488.8219
486.2290  489.4134
486.2884  489.5229
486.3396  489.5565
486.3718  489.8400
487.4336  490.6176
487.7936  490.9741
488.5702  491.4058
489.2321  492.5323
489.8987  493.6549
490.1846  494.0574
490.9490  494.3941
491.9150  494.8463
492.8057  496.4800
492.9226  496.8838
493.0726  497.3888
493.3151  497.8240
493.5295  498.6122
494.0136  499.3508
494.6579  500.0548
495.2624  500.6185
495.6541  500.8224
496.0113  501.1553
496.2352  501.2652
496.5770  501.5369
496.5803  501.3646
498.5382  502.6368
499.3669  502.9827
499.4902  503.1146
499.9101  503.3940
500.1735  503.6479
501.7557  505.9479
501.7905  505.9519
501.8109  505.9146
502.2691  506.7224
503.0692  507.9400
503.1083  507.9639
503.1899  508.0613
503.6155  508.8617
504.4837  510.5262
504.6871  510.9097
505.8863  512.9720
506.1628  513.1904
506.2763  513.3459
506.3913  513.5859
506.4543  513.6846
506.6463  513.8608
506.8677  514.1388
508.4517  515.6326
508.4616  515.7100
508.7358  515.8250
509.3767  516.3104
510.5533  517.5144
510.6944  517.5917
510.8041  517.5863
511.5565  518.3469
512.0517  518.7487
512.1848  518.8589
512.5132  519.3250
512.5762  519.1158
512.7384  519.4829
513.0267  519.7576
513.6192  520.1302
513.7546  520.2168
513.9051  520.3353
514.1647  520.6731
514.1760  520.4967
516.0236  522.1957
516.1388  522.3958
516.3492  522.6473
517.2433  523.6826
517.3585  523.7947
517.7227  524.0784
518.3744  524.8806
518.5645  525.0962
518.6535  525.1135
519.3892  525.9581
519.5064  526.1169
519.7022  526.1312
519.8329  526.1931
519.9647  526.4425
520.3022  526.6422
521.3327  527.2220
523.0552  527.7746
523.5251  528.0515
523.9371  528.3788
523.9480  528.2681
524.8814  528.5017
525.0004  528.6097
527.0678  529.7822
528.1921  531.1451
528.1946  531.2775
528.3886  531.4165
528.6228  531.5593
529.0338  531.7519
529.2741  532.0667
530.3738  532.1473
531.2955  533.1620
531.3598  533.2552
531.5323  533.7072
531.6837  533.7127
532.0487  533.8074
532.5023  534.2313
532.6301  534.3493
534.2810  535.8408
534.6344  536.3551
534.7053  536.5055
535.0501  537.0437
535.6063  538.0663
535.8922  538.9835
536.0931  539.4790
536.1498  539.6144
536.7083  541.4029
536.9155  542.2046
537.0728  542.5032
537.0969  542.5773
537.1731  542.6385
537.4503  543.4206
537.5363  543.6267
538.3254  545.2699
538.4622  545.6074
538.4849  545.7889
538.5378  545.9016
538.9835  546.3530
538.9854  546.4521
539.0610  546.5238
539.1956  546.6704
542.0524  548.2204
543.5243  548.8886
544.0585  549.1326
544.6261  549.5810
546.4367  551.0042
547.4579  552.3333
547.5470  552.5011
547.5994  552.4644
547.8952  552.7503
548.4834  553.4461
548.6035  553.5807
549.1425  554.3523
549.4456  554.6328
549.4531  554.6061
549.5686  554.7220
550.2243  555.1063
550.3987  555.2167
551.4833  555.9993
552.1244  556.5603
552.2425  556.9096
553.8017  558.2533
554.2305  558.7690
554.4031  559.0647
554.4333  559.0952
555.6865  560.5404
556.2332  560.8749
556.4226  560.9701
557.2399  561.6183
557.3253  561.8032
558.1388  562.0394
558.4945  562.1565
561.2801  563.4659
561.3148  563.5720
562.0657  564.8665
562.1808  565.1852
562.8338  565.9448
562.9634  566.0336
563.7781  566.2705
564.5629  566.7085
564.9749  566.9398
565.5261  567.2852
565.8731  567.6086
565.9257  567.8938
568.5503  570.3845
569.1360  571.0051
569.2644  570.9824
570.0820  571.6596
571.7381  573.3422
572.9366  574.8312
573.4200  575.1956
573.6556  575.3212
574.0984  575.8732
574.7772  576.9032
575.2687  577.4735
576.0230  577.7854
576.3903  578.0983
577.5280  579.2639
578.7457  580.3299
579.0097  580.7989
579.1706  581.3648
579.6493  582.4894
579.7651  582.6354
580.1755  582.9331
582.5630  584.1291
582.8172  584.3611
583.0709  585.2659
583.8520  585.8566
584.5583  586.6058
585.6161  588.4357
585.7455  589.1793
585.8430  589.5338
586.9826  590.5313
587.0147  590.5561
587.4916  590.6620
588.8558  591.0655
589.0507  591.2101
590.7130  592.3316
590.9712  592.9441
591.2554  593.1518
591.7777  593.4660
592.2725  594.4392
592.4875  594.5266
593.4638  595.1655
593.4792  595.4147
593.8460  595.8455
594.9067  597.8535
595.1416  598.0479
595.5792  598.7986
595.8045  598.8638
595.9644  599.1395
596.5991  599.2014
598.3819  600.3843
599.0071  600.8618
600.4276  602.7264
600.9055  603.0937
602.7983  604.6835
603.3279  606.0217
603.4830  606.3452
605.0510  606.7319
607.1476  608.6531
607.6815  609.6418
607.8181  609.9565
608.7452  611.1988
609.5505  612.2467
610.1764  612.7746
610.3382  612.8531
610.3990  613.0414
611.2983  613.0694
612.0492  614.5784
612.1574  614.6693
612.2058  614.9515
612.3384  614.8263
612.4565  615.0315
612.7078  615.1004
613.5428  615.4463
615.1135  616.8741
615.8601  617.9257
616.6457  619.0630
616.6989  619.3133
616.7368  619.4503
617.5248  620.3732
617.8968  620.7422
618.1799  621.1895
618.5134  621.6926
619.4007  622.2800
619.4934  622.4397
620.2402  622.6433
620.9031  622.9461
621.3264  623.3533
621.3466  623.4401
622.4235  624.1322
622.9108  624.7033
623.9567  626.1323
626.3527  628.2635
627.0965  629.2537
627.1872  629.6215
627.2549  629.8576
627.4266  629.9581
627.9189  630.1054
629.0199  631.0508
629.6244  631.1784
630.5094  632.3595
630.7643  632.6729
631.1430  632.9686
631.4974  633.4219
631.6725  633.8497
631.7724  634.1377
632.9847  634.8659
633.2778  635.5432
634.5469  636.2677
635.3090  637.0059
635.6937  637.4982
636.5619  638.1419
636.8832  638.5215
637.3537  639.0843
637.8359  639.8961
639.5469  641.5588
639.7412  642.5591
639.7531  642.3754
639.8576  642.7468
640.4191  643.6030
640.6953  644.2869
640.7064  644.3207
641.1450  645.0592
641.7867  646.3009
642.0540  646.8088
642.2200  647.2322
642.6752  647.6825
642.9203  648.0810
643.4133  648.8290
644.3746  649.6465
644.9085  649.7686
645.7758  650.4900
645.8388  650.2843
647.2169  651.0658
647.2327  651.2778
648.5339  652.1396
648.8489  652.4646
650.3034  654.2472
650.5339  654.8338
650.5449  655.0783
650.5918  655.0182
650.7390  655.2888
651.7213  656.9334
652.0295  657.3460
652.4490  657.9623
652.6331  658.0999
652.9938  658.3591
653.2516  658.7972
653.3606  658.7354
653.7759  659.0401
653.9763  659.3090
654.0716  659.4565
654.1512  659.4465
655.2334  659.8399
655.2958  659.9486
656.5775  660.1797
656.8164  660.3108
658.1643  660.8012
658.3374  660.8411
659.7312  662.0430
659.7568  661.9868
660.5116  662.5193
660.5968  662.6540
660.9369  662.8885
661.2360  662.8535
661.9613  663.9416
662.0228  664.2232
662.1548  664.4977
662.5476  665.4930
662.6910  665.4505
663.0123  665.4298
664.3074  666.3338
664.5133  666.2564
665.1486  667.9283
665.7255  668.2377
665.8001  668.4612
666.9937  669.1802
667.2592  669.9354
667.4789  670.2927
668.1375  671.1622
668.3116  671.6896
668.7688  672.4641
669.4641  673.7164
669.4680  673.7371
670.0108  674.3724
670.3096  674.6370
670.3328  674.5370
670.4463  674.5416
670.5358  674.8222
670.8726  674.9742
671.9804  675.2712
672.6625  675.6024
673.2155  676.0352
674.1450  676.4870
674.7332  676.5289
675.8803  677.4546
676.1235  677.7222
679.2177  680.7617
679.7055  681.9333
680.0796  682.2771
680.6981  683.2007
680.7927  683.3232
680.8883  683.5456
680.9896  683.6598
681.0447  683.8321
682.3851  685.1027
682.4740  685.2318
682.8260  685.8810
683.0307  686.0198
683.3067  686.5485
684.0084  686.9918
684.6379  687.5244
685.6340  688.0669
685.9646  688.3248
687.0640  688.8235
687.6206  689.2598
688.5442  690.8557
688.5556  690.7911
690.1049  692.3016
690.1987  692.6214
690.8319  693.1657
691.0109  693.4788
691.2858  694.0685
691.5476  694.5876
691.8313  695.1117
691.9382  695.3583
692.4493  695.4921
692.5559  695.5229
693.6460  695.7302
694.6352  696.1967
695.6038  697.2613
696.1231  698.0648
700.4980  702.0923
700.9287  702.9971
702.9562  704.7364
703.0084  704.7989
703.3114  705.3370
703.4766  705.2342
704.5469  706.2143
704.7762  706.3911
704.9154  707.2437
705.2410  707.4554
705.5727  707.7955
706.9082  708.9130
707.5364  709.3986
709.4861  711.2915
710.0786  711.6412
710.3773  712.5834
710.4750  713.0218
710.6064  713.2537
710.7673  713.4527
711.6180  713.6759
712.1324  713.8553
712.7675  714.3513
712.9202  714.6746
713.4145  715.0607
715.6386  717.2553
716.5443  718.5178
717.5162  719.2715
718.4855  720.1523
719.3378  721.1590
719.3942  721.3887
719.6276  721.7038
719.8530  722.0673
720.0479  722.2675
720.6374  722.6763
721.1867  723.0557
721.4258  723.5784
723.0187  724.6836
723.6670  725.3513
723.9790  725.9732
724.1785  726.5663
724.2467  726.6182
724.6106  727.0343
724.8903  727.0990
725.0113  727.3533
725.3726  727.4387
726.2728  727.8632
726.7117  728.5341
726.9908  728.8192
727.4025  729.2329
727.5137  729.4406
728.0179  729.9840
728.1448  730.0979
728.7168  730.4440
729.8830  731.4662
730.1971  731.8479
732.9508  734.9191
733.8099  736.1630
733.8632  736.3469
733.8887  736.3512
735.0776  736.8708
735.7228  737.2248
736.2842  737.8830
736.6366  738.7687
736.8445  739.3392
737.1818  740.3411
737.2220  740.3895
737.3018  740.3210
737.9234  741.3352
738.1543  741.5918
738.8523  742.0445
739.0745  742.2978
739.2454  742.4561
739.6946  742.9095
740.5209  743.4965
740.8296  743.8434
741.9163  744.5250
742.4417  744.9438
742.8477  745.1684
744.0428  745.8985
744.3516  746.3403
744.9198  747.0367
745.2453  747.0816
745.4674  747.2416
746.0681  747.8600
746.5041  748.2130
748.8848  750.8166
749.4821  751.2017
749.8959  751.7850
750.7144  752.4312
751.1038  753.1191
751.6038  754.5731
751.7503  755.5033
751.7616  755.3182
752.0570  756.1497
752.0682  755.9978
752.5174  756.4273
752.8650  756.6031
753.4560  756.7312
753.8875  756.6476
754.7413  757.1288
754.9882  757.0511
757.3201  759.5601
757.6967  760.3491
757.8455  760.2916
759.2783  761.8885
760.0497  762.7455
760.4256  763.3434
760.6505  763.4161
762.0179  764.6496
762.3689  764.9339
762.6647  764.9939
764.3034  766.0041
765.9627  767.9417
765.9904  767.9471
766.1919  768.1552
767.1183  769.3742
767.4483  769.4290
768.1765  770.7033
768.1795  770.6836
768.6412  771.0035
768.7665  771.1491
770.2675  771.7968
770.4793  772.2351
770.7273  772.7437
771.9445  774.0960
773.6053  775.8707
773.7629  776.1660
773.8172  776.2334
773.9034  776.2528
775.1550  777.1105
775.4164  778.3230
775.6863  778.5998
776.1399  778.8447
776.8040  779.0715
776.8780  779.1384
777.4567  779.2178
777.8789  779.5032
778.7067  780.6148
779.3014  781.1755
779.5641  782.5375
779.9533  783.2645
780.0198  783.4318
780.1537  783.3884
782.0405  783.9412
782.8671  785.0603
783.6533  785.6100
783.7579  785.9089
783.9687  786.0735
784.3114  786.1079
785.0856  787.0810
785.4308  787.6503
786.1741  787.8006
786.7316  788.6194
786.7775  788.9428
787.1291  789.4391
787.2552  789.6920
787.8575  790.4997
788.5799  790.5710
789.5102  791.7741
789.6736  792.0351
790.8023  792.6125
791.3592  793.2346
791.4104  793.2738
792.6370  794.1442
793.0031  794.7225
793.2497  794.8738
793.4089  795.8862
793.4739  795.9054
793.9997  796.4902
794.5848  797.0548
794.6659  797.4055
794.7099  797.5532
794.7102  797.4065
795.7321  798.6283
796.1934  799.3383
796.4079  799.6995
796.9751  800.4339
797.2101  800.3605
797.9536  800.8039
797.9711  801.0382
799.1802  801.7974
800.6441  802.2331
801.1262  802.8471
801.5238  804.2253
801.6291  804.7495
802.1484  806.1782
802.7588  806.6414
803.4909  807.0499
803.5181  807.2436
803.7585  807.1484
804.3188  807.3857
804.5600  807.5142
805.1048  807.7901
805.3136  807.7669
808.1106  810.0224
808.2396  810.0057
809.0649  810.6582
809.9735  812.9330
809.9948  812.8341
810.3045  813.2784
810.3484  813.3762
810.5713  813.5142
810.5798  813.6162
810.8358  813.5610
810.8509  813.7447
812.2867  814.0396
812.4500  814.1664
812.7056  814.6847
813.4321  815.0961
813.5314  815.5645
813.6453  815.5601
813.9657  816.2494
814.0771  816.5172
814.3554  817.4789
814.4475  817.7372
814.4705  817.8057
814.6780  817.8345
814.9987  818.0795
815.6372  818.6022
816.2049  818.9748
816.2392  819.0864
816.6339  819.5694
816.7580  819.6905
817.7314  820.2421
818.1815  820.7019
818.8824  821.6243
818.8923  821.6494
819.4405  822.0459
819.8732  822.4433
819.8766  822.4087
820.1004  822.4888
820.4680  822.5942
821.3365  823.5764
821.4628  823.6153
821.7478  824.2140
821.8153  824.4361
821.9606  824.7150
822.3243  825.0517
822.3369  825.1843
822.8973  825.6589
823.8439  826.5076
824.0576  826.7204
824.7218  827.1278
825.1941  827.2438
825.9889  827.7085
826.3408  828.0880
826.9776  828.8493
828.1378  829.8827
828.2178  830.1404
829.2871  830.7891
830.4715  832.6695
830.5095  832.7897
831.1943  833.5984
831.4937  833.8107
831.8888  834.2395
832.4691  834.6394
832.8525  835.0095
833.0358  835.0833
833.1945  835.2010
834.7850  836.4486
835.1747  837.4031
835.2279  837.7492
835.2495  837.6874
835.3019  837.7314
836.4900  838.1997
836.8930  838.9495
837.2604  839.1517
838.0395  839.8847
838.0881  840.2982
838.3014  840.6876
838.4279  840.6108
839.6548  841.2661
840.4328  842.0899
840.8762  842.6519
841.1854  842.8315
841.9935  844.0399
842.6283  844.6633
844.5477  846.6365
845.3425  846.9938
845.7803  847.3401
846.8867  848.6250
847.3222  849.2623
848.1707  850.4221
848.2105  850.5030
848.2443  850.5405
849.8028  852.2051
849.9378  852.3263
850.0480  852.3573
851.1104  852.8822
851.2659  853.1569
852.8097  854.4039
853.5564  855.9040
853.6496  856.4049
853.9016  856.6930
854.3189  857.1421
854.5923  857.2558
854.8526  857.3713
855.7832  858.1143
855.8063  858.1604
855.8720  858.1465
857.9833  860.1424
858.0234  860.0889
859.2646  861.0044
859.6785  861.4093
860.8421  862.4668
861.3791  862.9262
862.4754  864.1126
862.7088  864.8025
863.9379  865.4090
864.2208  865.8719
864.3582  866.1057
864.6545  866.2497
865.0289  866.9016
865.3597  867.4539
865.8351  868.3546
865.8825  868.3038
866.1721  868.5427
866.9272  868.9602
867.0050  869.0523
867.0390  869.1712
867.5001  869.4786
868.0591  871.0072
868.1642  871.2640
868.2662  871.5915
868.3010  871.6329
868.6509  872.3606
868.8858  872.5441
868.9294  872.6638
869.7617  873.8861
869.8975  874.2333
869.9850  874.4777
870.6392  875.2503
870.7674  875.3806
871.1445  875.8616
871.2626  876.1572
871.4877  876.3383
872.0865  877.0805
872.2646  877.2954
872.5755  877.6525
873.1316  877.9826
873.4014  878.0832
874.0081  878.5091
874.5240  879.0210
875.4882  879.2614
876.2005  879.6175
876.6623  879.6478
878.5642  880.1650
878.8904  880.6987
879.0113  881.2634
879.0870  881.3997
879.1160  881.6035
879.2451  881.7559
879.9641  882.3328
880.2121  882.5103
881.0575  883.1671
881.6458  883.9198
881.8388  883.9692
883.0422  884.9014
883.2492  885.0805
883.3365  885.3725
884.3310  886.0587
885.6065  888.0305
885.8849  888.6378
885.9594  888.6010
886.7029  889.5049
886.7090  889.6027
887.5563  890.0541
887.7552  889.9377
888.4807  890.8999
888.5226  890.8827
889.0116  891.3413
889.5842  891.7340
890.0131  891.7097
892.1024  894.5206
894.6264  896.7623
894.8537  897.5224
894.9222  898.0685
894.9694  898.0014
895.1470  898.6515
895.6656  899.0969
895.7756  899.2549
895.8342  899.3020
895.9528  899.4413
898.2359  901.0094
898.2415  900.9756
899.0458  901.2492
899.7329  902.5120
899.8358  902.8401
899.8535  902.7908
900.0351  903.3052
900.4409  904.0939
900.6231  904.4423
900.8692  904.6095
901.2490  905.1792
901.3657  905.2439
901.5351  905.2931
902.3460  906.0560
902.4270  906.2652
902.4841  906.2133
903.3488  907.0722
903.5186  907.2719
903.6165  907.2716
904.0715  907.9189
905.1833  908.9966
905.3515  909.1062
905.3734  909.4183
905.5559  909.3097
905.6265  909.3909
905.9956  909.4462
907.3821  910.5969
907.3860  910.5823
907.4761  910.7610
908.7551  911.8328
909.4147  912.1830
909.7471  912.3507
910.5868  912.8360
910.6872  913.0122
911.9426  914.1081
912.0065  914.2353
912.6520  914.5585
913.2142  915.1784
913.4068  915.6477
913.4424  915.7573
913.6605  916.1388
913.7530  916.4256
913.9995  916.7300
914.4753  917.2212
915.4458  917.9451
915.8452  918.2872
915.8729  918.5655
916.2116  918.5237
917.7921  919.5347
919.2145  921.0795
919.6130  921.6016
920.6794  923.7863
920.7258  923.8237
921.0288  924.0061
922.1260  924.2403
922.9540  924.4839
924.1301  925.7294
924.6405  926.1870
925.2625  926.9684
925.6748  927.4446
927.1913  928.7638
927.3645  929.2944
927.6240  929.3489
927.9939  929.5575
928.9027  930.8249
929.3570  931.2492
930.1199  931.8228
930.2236  931.9861
930.5404  932.6527
930.6530  932.7961
931.4435  933.0696
931.9017  933.7015
932.0476  933.7764
932.7361  934.4221
933.0938  934.9078
933.1521  934.9612
933.6264  935.1971
935.7018  937.7064
936.7334  938.5614
937.8285  939.4518
940.2779  942.1843
940.3483  942.4598
940.7033  943.0430
940.8085  943.0050
942.0284  944.0383
942.2490  945.1041
942.3591  945.3948
942.7768  945.6709
943.8725  947.1763
944.2453  947.2802
944.5184  947.5839
944.6900  947.5408
944.7352  947.6875
945.7600  948.1075
945.9599  947.8991
946.8244  948.8914
946.8522  949.1126
947.0390  949.2781
947.7860  949.6206
948.2805  949.9491
949.0403  951.2910
949.1065  951.5433
949.5800  951.6434
949.8953  951.6125
950.7706  952.5116
951.4583  953.2266
952.6564  954.7860
952.7423  954.8958
955.1214  956.9968
955.1766  956.9621
955.8150  957.7057
957.1202  958.6700
957.9584  959.6448
958.7042  960.5375
959.5835  961.2797
960.1261  962.0474
960.7070  962.4000
961.1417  962.8299
962.0730  963.8953
962.4945  964.4919
962.7310  964.5696
964.3357  966.8331
964.4023  967.3059
964.4763  967.3456
964.8055  967.9568
965.3912  968.1247
966.1830  968.3827
967.3514  969.3921
967.3596  969.5028
967.4372  969.3492
968.3793  970.0534
968.6745  970.5345
969.8409  971.5527
970.1840  971.9686
971.1150  973.4010
971.2268  973.6832
971.3708  973.9285
971.4407  974.1327
971.4751  973.9341
972.5135  974.3165
973.1499  974.8307
973.5208  975.3599
974.0789  975.8727
974.4262  976.3134
975.6610  977.3475
975.7565  977.6316
976.6053  978.6030
977.1396  979.4639
977.2335  979.5993
977.4449  979.5782
979.6612  981.3936
981.5178  983.5128
981.5457  983.8779
981.7592  984.4894
982.1265  984.7999
982.6275  985.5179
982.7755  985.8907
983.1345  986.1750
983.5327  986.9380
984.1897  987.0898
984.2935  987.2805
986.0987  988.2238
987.5114  989.2820
988.7476  990.6889
989.2872  990.7850
989.8182  992.4419
990.0441  992.5532
990.3582  993.0818
990.7744  993.7887
990.9587  994.0194
991.1101  994.4158
991.3170  994.7880
992.4671  996.3126
992.5991  996.6649
992.6970  996.6887
993.4230  997.8376
993.5616  997.9131
994.0201  998.3236
994.7935  998.9681
995.0983  999.1548
995.1099  999.3955
996.6629  999.6233
997.4776  999.7015
998.1314  999.8963
998.4516  1000.1375
