0.6613  2.4047
0.6852  2.4743
1.0992  2.6806
1.3775  3.0781
1.4202  3.0494
1.6651  3.2058
2.0370  3.7240
2.6043  4.1816
3.5001  5.0507
3.8521  5.4820
4.3914  6.0420
4.5150  6.2354
4.5451  6.4179
5.1124  6.5718
5.3078  6.9748
5.3156  7.1615
5.4455  7.0439
5.7527  7.2377
6.0802  7.9998
6.1433  7.9027
6.5609  8.1257
6.7584  8.2170
6.8450  8.5703
6.9873  8.6914
8.0235  9.6269
8.1416  9.8089
8.7187  10.3419
8.7814  10.5025
8.9448  10.5689
9.0573  10.7873
9.6740  11.2812
9.7093  11.7421
9.7652  11.4422
10.4239  12.1622
10.4667  12.2669
10.7022  12.6029
10.8737  12.3935
11.3605  13.2960
11.3815  13.2111
11.3905  13.2611
11.8839  13.4604
12.3512  13.9531
12.4094  13.8809
12.6295  14.1891
13.0043  14.3610
13.3788  15.0719
13.4517  15.1660
13.9143  15.5266
14.1797  15.7199
14.9603  16.6260
15.3192  17.1543
15.4282  17.2192
15.7282  17.4050
15.8113  17.4367
15.8721  17.5643
16.5191  18.3229
17.2194  19.1526
17.2297  18.9428
17.9689  19.3560
18.2881  20.0057
18.7589  20.3445
18.8603  20.5443
19.0282  20.6256
20.2251  21.7962
20.5738  22.8381
20.6116  22.6428
20.6996  22.7535
21.0242  22.8332
21.2072  22.8273
21.2655  22.8915
21.4149  23.4508
21.4688  23.4472
21.4908  23.5296
21.8023  24.0082
21.8844  23.9056
21.8929  24.0180
22.3014  24.1054
22.5440  24.3282
22.7861  24.5104
22.9056  24.8381
23.1241  25.0198
23.2163  25.2957
23.2289  25.3286
23.2661  25.4358
23.5163  25.3664
23.8390  25.5107
24.3129  26.0016
24.6840  26.0850
24.8851  26.4484
25.2017  26.6707
25.5659  27.0126
25.8411  27.3074
25.9190  27.6353
26.3807  28.1921
26.4248  28.6504
26.4311  28.5754
26.5864  28.7600
26.8077  28.9123
26.9326  29.0873
27.1186  29.2690
27.4595  29.4161
27.4626  29.4988
27.7607  29.6311
28.5858  30.2475
28.6683  30.4122
28.9069  30.5576
29.2456  30.7925
29.3174  30.9450
29.4516  31.0854
29.4696  31.0728
30.1305  31.6040
30.2857  31.9857
30.3419  32.3534
30.4285  32.1748
30.4766  32.2370
31.3956  33.2312
31.4471  33.3270
31.8043  33.5918
32.8498  35.1772
32.8652  35.0997
32.8655  35.2793
32.9867  34.9808
33.3108  35.0859
33.7932  35.4610
33.9268  35.5322
35.4651  37.0272
35.4748  37.0983
35.8377  37.3798
35.9210  37.6248
35.9789  37.4821
36.3313  37.9690
36.7231  38.5242
36.8432  38.6635
37.5735  38.9871
37.6637  39.2105
37.7881  39.5379
37.8591  39.5980
37.8866  39.6609
38.0309  40.0202
38.1412  40.1615
38.2807  40.2368
38.5326  40.3125
38.6117  40.4522
39.0218  40.7360
39.4842  41.1228
39.4930  41.2354
39.7099  41.4046
40.0682  41.5899
40.2814  41.9231
40.5114  42.1799
40.6219  41.9757
41.1274  42.4710
41.2506  42.9876
41.3013  43.2963
41.3563  43.3918
41.5030  43.4531
41.6460  43.7569
41.7082  43.6049
42.1226  43.8353
42.5155  44.1435
42.7816  44.4919
43.1592  44.8750
43.2161  44.7761
43.2506  45.0904
44.0818  45.6831
44.1859  45.7605
44.2684  46.0838
44.4643  45.8066
44.7396  46.4388
45.6334  47.6003
45.7722  47.4396
45.7723  47.6426
46.8531  48.3541
47.1438  48.7489
47.4273  48.8991
48.8762  50.9907
48.8894  51.1502
48.9252  51.2742
49.1325  51.1337
50.4177  52.0327
50.5937  52.2416
50.7297  52.4488
50.9534  52.5837
51.4563  52.9586
52.3572  54.2001
52.3994  54.3851
52.8910  54.6872
52.9433  54.6590
53.1138  54.7139
53.6086  55.2562
54.0399  55.5303
54.0649  55.7190
54.2614  55.9663
54.4425  56.0685
54.9297  56.3078
55.1267  57.4627
55.1349  57.2643
55.3122  57.3443
55.4348  57.3180
55.8365  57.3301
56.4744  57.9226
56.7753  58.6635
56.7760  58.5611
56.9042  58.7870
57.5027  59.4667
57.6190  59.1563
57.7945  59.2084
58.0424  59.7036
58.8330  60.4825
59.2102  60.7958
59.4436  61.3018
59.7122  61.4894
60.0700  61.7083
60.3186  62.0291
60.6234  62.1733
61.0023  62.6245
61.4101  63.3975
61.4347  63.5196
61.4725  63.6866
61.6407  63.4370
62.2577  63.8070
62.5202  64.0268
62.5542  64.1576
62.7236  64.5361
62.7539  64.5436
62.9265  64.6166
63.0057  64.9493
63.1469  64.8698
63.3839  65.0826
63.7704  65.2797
64.1465  65.8705
64.4163  66.1346
64.5021  66.4773
64.5638  66.2390
64.7273  66.4467
65.0060  66.7587
65.1116  66.5618
65.3541  66.9074
65.7600  67.3907
65.8663  67.4586
65.9253  67.7823
65.9361  67.9983
65.9896  67.8112
66.2579  68.2557
66.8307  68.5188
67.2226  68.6543
67.4968  69.3582
67.5106  69.5164
67.5703  69.8853
67.8157  70.2733
67.8957  69.9003
68.1851  70.1333
69.0892  70.7673
69.2215  70.8182
69.3769  70.9054
69.5717  71.2789
69.6848  71.2943
69.8099  71.3160
70.3720  72.1129
70.5598  72.3452
70.6399  72.5860
70.7269  72.5624
70.8618  72.9476
71.0053  73.1131
71.1616  73.2444
71.4350  73.2732
71.5904  73.3584
71.9320  73.5520
72.1224  73.6324
72.3580  74.0122
72.4471  74.1437
72.5417  74.2284
72.8526  74.4823
72.9449  74.3756
73.3494  74.8031
73.4916  75.0271
73.7511  75.2657
74.0237  75.4216
74.1171  75.6544
74.2188  75.7885
74.2891  76.0968
74.3987  76.2218
74.5172  76.5106
74.6063  76.6979
74.6403  76.7557
74.8458  77.3519
74.8606  77.1665
74.8867  77.2613
74.9276  77.3864
75.2466  77.6936
75.6526  78.3823
75.7500  78.4130
75.8247  78.6515
75.8538  78.5989
76.3454  79.1323
76.3767  79.0445
76.7335  78.8301
77.2202  79.3654
77.2426  79.4141
77.4976  79.5206
77.5979  79.9102
77.7077  79.6150
78.5667  80.4312
78.6520  80.3788
78.7249  80.8667
79.0310  80.6477
79.3445  80.9679
79.4594  80.9761
79.5323  81.1399
79.8331  81.1721
80.4703  82.3453
80.5153  82.3725
80.9048  82.8086
80.9629  82.4725
81.0634  82.6766
81.2858  83.0532
81.3425  83.0843
81.4199  83.3692
81.6210  83.7567
81.7816  84.1282
81.8328  83.8468
81.9186  84.2188
81.9822  84.0047
82.0935  84.3241
82.6875  84.3371
83.1144  84.8908
83.2728  84.8810
83.3756  85.0470
83.9203  85.4076
84.0643  85.9644
84.2301  85.9164
84.3764  86.2188
84.7980  86.5913
84.9690  86.4688
85.2724  87.0210
85.2917  87.1342
85.3742  87.1959
86.1128  87.5535
86.9365  88.6511
87.0224  88.8214
87.1838  88.8127
87.4950  88.8840
87.7474  89.1748
88.1980  89.6738
88.8438  90.4679
89.1660  90.8884
89.5355  90.9104
89.7440  91.3774
89.8491  91.7501
89.9129  91.8912
90.5045  92.0951
90.7811  92.2303
91.0200  92.8960
91.0279  92.9256
91.4947  93.3241
91.5269  93.3273
91.6996  93.4537
91.7042  93.6229
91.8784  93.5997
92.2352  93.8097
92.4809  93.9328
92.9271  94.6271
92.9532  94.8672
93.0631  94.9409
93.3558  95.1191
93.8962  95.7774
94.1519  95.9334
94.5013  96.6724
94.5449  96.7700
94.6165  96.9310
94.6682  97.1795
94.7571  97.3483
94.7896  97.3349
95.2194  97.1028
95.2619  97.2243
95.5387  97.2041
95.9668  97.5718
96.0062  97.8063
96.2979  97.7836
96.4376  98.0557
96.9045  98.6849
96.9817  98.9854
97.1150  98.7111
97.1302  98.7949
97.4255  99.1057
97.7871  99.4883
97.8025  99.5864
98.1091  99.8105
98.1525  99.9454
98.3882  99.9242
98.7329  100.4608
99.4287  101.0674
99.5534  101.4411
99.6365  101.8552
99.6805  101.9084
100.2076  102.1747
101.0051  102.6320
101.2292  103.0460
101.2484  102.8413
101.8669  103.5619
102.4856  104.0512
102.5466  104.2433
102.6769  104.0844
103.1402  104.5715
103.2714  104.7397
103.3952  105.0723
103.7117  105.1125
103.9031  105.3789
103.9165  105.3928
104.5138  105.9163
105.0187  106.4400
105.2799  106.7507
105.5615  107.1022
106.1316  107.5394
106.2689  107.7212
106.3899  107.9357
107.2348  108.9228
107.6083  109.1916
107.9327  109.5862
107.9640  109.7390
108.1621  109.7989
108.2474  109.7231
108.9226  110.4383
109.0414  110.9395
109.1695  110.7388
109.3029  110.9217
109.7012  111.3939
109.9836  111.8760
110.0086  111.9078
110.2494  111.9952
110.4206  112.2831
110.4973  112.6345
110.7077  112.8931
110.8285  112.8559
110.9019  112.9869
111.0283  113.2506
111.4101  113.2554
111.5418  113.1367
111.8472  113.5662
111.8885  113.4410
112.0474  113.6756
112.2154  113.9079
112.4766  114.0074
113.1036  114.9780
113.1894  115.0181
113.7782  115.6580
113.7994  115.4215
113.8724  115.5624
114.1155  115.7029
115.2988  117.1166
115.3513  117.4874
115.3538  117.4103
115.4844  117.5755
115.4899  117.8093
115.5836  118.0702
115.7127  118.0383
116.7063  118.7256
116.7847  118.4753
116.8776  118.6515
117.1681  118.7415
117.3628  118.9618
117.7850  119.4525
118.1024  119.8561
118.1059  120.0411
118.2442  120.2120
118.7181  120.3874
119.1658  120.7353
119.5712  121.3358
119.8574  121.4055
120.7379  122.2805
121.1482  122.6666
121.4304  123.1992
121.5561  123.4245
121.6089  123.4792
121.7721  123.7034
121.8371  123.7806
122.0989  124.0808
122.3641  124.1843
122.6758  124.3205
122.6832  124.2230
123.2526  124.7944
124.0673  125.8814
124.1134  125.8885
124.3582  125.9565
125.0435  126.8269
125.1640  126.7628
125.4746  127.1722
125.5379  127.3809
125.6117  127.3137
125.6919  127.5897
126.0564  127.6977
126.5938  128.2989
126.8313  128.6909
126.9382  129.0068
126.9564  128.8839
127.0960  129.0223
127.2499  129.0804
127.5792  129.1184
128.0432  129.6152
128.1023  129.6795
128.1511  129.8286
128.8352  130.7591
128.8681  130.7453
128.9605  130.7806
129.0202  130.9885
129.4441  131.0440
129.9260  131.5794
130.0622  131.7761
130.5455  132.3408
130.5581  132.0472
130.8036  132.6099
130.8382  132.5345
131.1594  132.7197
131.3540  133.1183
131.4744  133.2789
131.8372  133.3221
131.9820  133.5953
132.4435  134.0943
132.5202  134.3528
132.7157  134.8285
132.7240  134.7202
132.8661  134.7309
132.9327  134.9531
132.9682  134.8539
133.1734  135.1865
133.9002  135.5446
134.4240  136.7881
134.4499  136.6817
134.5481  136.9564
134.7640  136.7355
134.9072  137.0138
135.2999  136.8657
136.2038  137.6943
136.2841  137.9027
136.4122  137.7805
136.6986  138.3963
136.7145  138.6107
136.7355  138.6139
137.0866  139.0656
137.2492  139.0507
137.7488  139.3888
137.9138  139.4673
138.2870  139.7209
138.3376  139.9431
138.9339  140.4792
139.1844  141.1582
139.2539  141.2982
139.3172  141.5142
139.3355  141.3111
139.3508  141.4477
139.5382  141.6209
139.8117  141.6026
140.0064  141.8355
140.2935  141.9388
140.3778  142.4712
140.5958  142.4804
140.7816  142.5784
141.1700  142.7141
141.3181  142.8103
141.4466  143.2687
141.7531  143.4810
142.3969  143.8345
142.9541  144.4609
143.3895  144.8843
143.6496  145.7815
143.6696  145.8332
143.7037  145.7001
144.1106  145.7308
145.5574  147.1005
145.8036  147.4577
145.9549  147.6238
145.9681  147.5430
146.4809  147.9096
146.9494  148.5206
147.0424  148.7464
147.8344  149.5644
147.8575  149.6573
147.9219  149.7324
147.9892  150.0196
148.0133  150.0426
148.2600  150.0243
148.4728  150.0778
148.7511  150.3374
148.8240  150.5929
148.9875  150.9843
149.2612  150.7368
149.5284  150.9094
150.7797  152.4574
151.0148  152.6532
151.3622  153.0201
151.4265  153.0700
151.6917  153.2765
152.1240  153.7164
152.2263  154.3495
152.2444  154.5380
152.2630  154.4148
152.3535  154.4659
152.6317  154.6001
152.7208  154.7123
153.3827  154.8603
153.7548  155.1901
154.0458  155.9151
154.1182  155.9977
154.2121  156.0067
154.3297  156.4433
154.4959  156.0496
154.8857  156.5939
155.0199  156.7418
155.2284  156.7550
155.8540  157.4018
156.4045  157.8514
156.8339  158.2224
157.2662  158.6385
157.8707  159.6371
157.9374  159.8329
158.1422  160.1310
158.2414  159.9402
159.8017  161.3838
160.4050  161.7982
160.6790  162.2372
161.6751  163.6690
161.7511  163.4944
162.4642  164.0167
162.7139  164.1771
163.0328  164.6638
163.0604  164.6906
163.5661  165.2474
163.6844  165.3691
163.8484  165.7947
165.0272  166.8782
165.0824  167.0072
166.5300  167.9762
166.7967  168.2094
167.1216  168.6042
167.1295  168.7685
167.4265  169.0680
167.4637  169.2103
167.5916  169.8472
167.7639  170.0239
167.8200  169.6429
167.8505  169.9456
168.2346  170.0433
168.4477  170.1708
168.6283  170.3424
168.8009  170.5627
168.8635  171.0867
168.8638  170.9425
169.0605  171.0228
169.2823  171.1970
169.6738  171.1946
169.8312  171.2776
170.0171  171.9292
170.0273  171.8179
170.3919  171.9840
170.4730  172.0877
171.4242  173.1627
171.4319  173.5352
171.4493  173.4141
171.5186  173.8194
171.7068  174.0312
171.8990  174.2080
172.0040  173.9835
173.3084  175.1742
173.3227  175.1759
173.3490  175.3913
173.9823  175.6497
174.1273  175.6528
174.3041  176.3555
174.3742  176.5440
174.4110  177.0746
174.4230  176.7913
174.4884  177.2868
174.5280  176.9154
174.5555  177.2739
174.7276  177.2717
174.9452  177.6980
175.2633  178.0382
175.5437  178.0672
176.0312  178.1102
176.4984  178.4122
176.5790  178.5423
176.5803  178.4512
177.0368  178.6727
177.2957  178.7954
177.4532  179.0056
177.9877  179.5475
178.2556  179.7314
178.3931  179.9540
179.3802  181.1003
179.6230  181.5018
179.6810  181.8015
180.4301  182.3418
181.5333  182.9926
181.6252  183.1411
182.3486  183.9255
182.5469  184.1611
182.6700  184.1823
182.7052  184.2794
182.8136  184.5256
183.1562  184.9496
183.2063  184.9586
183.4534  185.2067
183.7981  185.1927
184.1864  185.8362
184.8272  186.3009
185.5898  187.2960
185.7290  187.2955
185.9877  187.5155
186.1680  187.9241
186.1775  187.9265
186.4807  188.0497
186.4831  187.9602
186.7881  188.4474
187.0630  188.7840
187.1459  189.0258
187.2246  189.0532
187.8606  189.3214
187.9402  189.3776
188.1815  189.8314
188.3838  189.9566
188.5127  190.0758
189.2292  190.8378
189.7792  191.7234
189.8972  191.5412
190.0091  191.5217
190.2317  191.8988
190.6424  192.3865
190.6803  192.1314
191.1062  192.5652
191.4534  192.8972
191.8586  193.2846
192.0097  193.5912
192.8414  194.5177
192.9867  194.6109
193.1883  194.7864
193.3009  194.9915
193.6900  195.3036
193.8160  195.5147
195.0723  196.6903
195.5708  197.1185
195.7125  197.4653
195.7574  197.4943
195.7648  197.5877
195.8845  197.6810
196.4065  197.8922
196.7014  198.3176
196.7810  198.4984
196.9177  198.6392
197.2975  199.1012
197.3147  199.3393
197.8167  199.5461
197.9736  199.7033
198.2966  199.9175
198.6226  200.3576
198.6638  200.1536
198.8992  200.5702
198.9990  200.9519
199.2176  201.1054
199.2285  201.0530
199.4671  201.1576
199.5057  201.1715
199.8484  201.4201
200.1197  201.6821
200.5718  202.0062
200.9784  202.6217
201.1305  202.5271
201.3042  202.7939
201.3914  203.1334
201.4289  203.3305
201.6112  203.4568
202.9739  204.4560
203.0793  204.8157
203.2251  204.8525
203.6982  205.2682
203.7520  205.1947
204.1874  205.6660
204.3601  205.9129
204.8009  206.7113
204.8198  206.6743
205.0466  207.1016
205.2446  206.8843
205.2801  207.1254
206.2201  207.8721
207.1269  208.6917
207.1979  208.7704
207.4995  209.1348
207.5956  209.1117
207.8291  209.2868
208.0142  209.5369
208.8565  210.4563
209.1983  210.8527
209.4728  211.2343
209.5499  211.4443
210.2401  211.7302
210.5793  211.9518
210.7761  212.4563
211.3887  212.9938
211.7151  213.3327
211.7418  213.4463
212.0985  213.7477
212.7620  214.3745
212.8756  214.4352
213.0313  214.6820
213.2579  214.7097
213.6045  215.1803
213.9078  215.8009
213.9824  215.5488
214.3841  216.0023
214.9736  216.5730
215.1814  216.9976
215.1853  217.0941
215.2355  217.1664
215.4733  217.2307
215.5338  217.4336
215.8289  217.8517
215.8433  217.9480
215.9847  217.9895
216.5754  218.2978
216.8541  218.5645
217.3097  218.8470
217.6046  219.3745
217.6444  219.3434
217.8244  219.4913
217.8485  219.5560
218.1585  219.6338
218.3896  220.0964
218.7751  220.6621
219.4165  221.2211
219.4440  221.1225
220.0138  221.9079
220.0609  221.7016
220.4562  222.1191
220.5405  222.3571
220.8390  222.4781
221.2681  222.8928
221.4907  223.0936
221.5155  223.2763
221.9411  223.4309
222.4490  223.8759
222.6515  224.3097
223.0992  224.5326
223.2335  224.7912
223.2951  224.9192
223.5789  225.1176
223.9239  225.5408
223.9436  225.6862
223.9968  226.3150
224.0886  226.1718
224.1399  226.2247
224.6265  226.2841
225.4354  226.8749
225.5100  227.1352
225.8482  227.2574
226.0053  227.8581
226.0198  227.8909
226.0547  228.0514
226.3334  228.7428
226.6841  229.1288
226.6910  229.0549
226.7263  229.2655
227.0025  229.4655
227.0232  229.3675
227.1526  229.5216
227.2637  229.8758
227.2740  229.9733
227.5612  230.0459
227.8477  230.2295
227.8701  230.0603
228.5139  230.3260
228.6689  230.4319
228.7731  230.7361
228.9267  230.8063
228.9952  230.8504
229.0765  231.1191
229.2264  231.6143
229.4173  232.3112
229.4370  232.5262
229.4532  232.2284
229.6046  232.6370
229.6217  232.6304
229.6487  233.0145
229.6929  232.7831
230.0354  233.1496
230.1975  233.3703
230.2709  233.1904
230.4928  233.3214
230.5918  233.4311
230.7122  233.6036
231.4411  233.7586
231.7847  233.9321
232.1379  234.1652
232.1428  234.2595
232.2094  234.3776
232.2684  234.5123
233.6998  235.7125
233.7634  235.4356
233.9547  235.6819
234.1484  236.1757
234.2068  236.3195
234.2742  236.4077
234.3377  236.6733
234.4776  236.6433
234.5713  236.6862
234.6510  236.7743
235.6838  237.1923
235.9250  237.5059
236.0536  237.6716
236.1930  237.8751
236.2960  238.1250
236.3211  238.0148
236.6626  238.2733
236.9531  238.4612
237.1098  238.6754
237.3899  238.7776
237.4900  239.1206
237.8184  239.3689
238.0737  239.7097
238.1069  239.7906
238.1741  239.8931
238.5338  240.1453
239.1797  240.7292
239.2351  240.7984
239.3377  241.2563
239.4057  241.5901
239.5116  241.7100
239.7282  241.8515
239.7778  241.9412
239.9866  242.0986
240.0627  242.1183
240.1314  242.1240
240.4806  242.3525
240.5695  242.7088
240.7590  242.7617
240.9262  242.7844
241.8201  243.3014
242.2020  243.7386
242.3313  243.9557
242.6506  244.4663
242.7340  244.3133
243.8105  245.4768
244.1404  245.6981
244.2043  246.3690
244.2329  246.1896
244.2705  246.4198
244.4087  246.4208
244.7208  246.5900
244.7696  246.7110
244.8073  246.5954
245.2260  246.8162
245.3362  247.1653
245.4655  247.2167
245.4824  247.3697
245.4957  247.5102
246.8305  248.4012
247.1058  248.5497
247.1525  248.7508
247.4538  249.2651
247.5097  249.7074
247.5936  249.7109
247.6165  249.5461
247.7036  249.8325
247.9413  250.1836
247.9654  249.9475
248.0846  250.3144
248.2181  250.1435
248.5798  250.5903
248.6578  250.5118
248.8995  250.6550
248.9016  250.9758
249.2679  251.1501
249.4109  251.7394
249.5510  251.7228
249.5821  251.9567
249.6473  251.7873
250.4719  252.1851
250.5093  252.3748
250.5871  252.2123
250.9295  252.4910
251.0307  252.5201
251.1919  252.7379
251.4973  253.0507
251.6628  253.3647
251.7326  253.4210
251.8306  253.5771
252.0531  253.6375
252.0958  253.7838
252.1192  253.7107
252.8038  254.2851
253.3285  254.8466
253.6013  255.5792
253.6485  255.6650
253.7106  255.9703
253.7551  256.0981
253.8807  256.4040
254.0538  256.5975
254.0831  256.7458
254.0909  256.6868
254.6126  257.1181
254.6544  257.0724
254.7105  257.1031
254.7641  257.2177
255.3767  257.5308
255.3877  257.5206
255.4190  257.5625
256.3568  258.0428
257.0914  258.8819
257.1659  258.7078
257.3482  258.9876
257.3646  258.9189
257.5638  259.0288
257.7759  259.4121
258.7319  260.2871
258.8253  260.5821
258.9478  260.8067
259.5075  261.2008
259.5530  261.2662
259.5837  261.4538
259.7170  261.4762
259.8968  261.7627
259.9961  262.2574
260.0371  262.2169
260.0634  262.2541
260.1129  262.3542
260.5403  262.7544
260.5859  262.5829
260.8338  262.9261
261.1766  262.9622
261.7545  263.5591
261.7674  263.7313
262.3888  264.3121
262.3990  264.3256
262.4920  264.6500
262.4989  264.6604
262.6513  264.8032
262.9834  264.9017
263.1638  264.8707
263.9401  265.7584
263.9769  265.5599
264.5172  266.0829
264.7913  266.4125
265.1307  266.5727
265.2294  266.7164
265.4619  267.7367
265.4993  267.7752
265.5756  267.7693
265.8254  268.0046
265.9749  267.8677
266.3247  268.1401
266.5128  268.0985
267.0767  269.0406
267.1363  268.8572
267.8079  269.6430
267.8161  269.6942
267.8228  269.8346
268.1300  270.3501
268.2537  270.4219
268.3345  270.5971
268.4879  270.7136
268.9666  271.0558
269.0528  271.3404
269.0590  271.3675
269.1491  271.3433
269.9711  272.1308
270.1992  272.2491
270.2141  272.3005
270.5312  272.5177
270.7206  272.5620
271.1029  273.2498
271.1427  273.3425
271.1820  273.7035
271.2648  273.7639
271.3499  273.9881
271.3862  274.1320
271.6092  274.2019
271.9075  274.4413
271.9449  274.4699
272.1391  274.6911
272.3186  274.5715
272.4100  274.7115
272.5811  274.8633
272.7232  274.9014
273.0158  275.0594
273.9233  275.4777
274.2038  275.7828
274.2292  275.8734
274.4497  276.1795
275.0255  276.6287
275.2569  276.7380
276.6086  278.1833
277.2252  278.8820
277.3553  278.8530
277.4882  278.9867
277.7875  279.3022
278.0703  279.5747
278.2832  279.7672
278.4084  279.9340
278.5446  280.3804
278.6197  280.8324
278.6565  280.8343
278.6887  281.0143
279.2493  280.9878
279.3957  281.2439
279.4329  281.1815
279.7637  281.4286
280.2932  282.5344
280.3146  282.3914
280.3640  282.5450
280.5587  282.5821
280.6134  282.7990
280.9149  282.8085
281.3894  283.0292
281.6156  283.2380
281.6683  283.3250
283.0751  284.6760
283.5353  284.9506
283.8700  285.3327
284.0589  285.5804
285.1678  286.5802
285.7388  287.3090
285.8569  287.2788
285.9851  287.3691
287.3061  288.8108
287.5328  288.9675
287.9695  289.9263
288.1351  290.3248
288.2196  290.1820
288.7243  290.3821
288.9413  290.4764
289.4712  291.1365
289.7235  291.4245
289.8322  291.4827
290.1807  291.7982
290.3324  292.1085
290.3500  292.2107
290.3916  292.2680
290.4466  292.5976
290.7811  292.5252
290.8473  292.5899
291.2293  292.8399
291.3950  293.1456
292.2021  293.8378
292.4040  294.0559
292.6313  294.1914
292.8398  294.4335
292.9565  294.8596
292.9703  294.7918
293.2875  295.0108
293.5919  295.1295
293.9955  295.7437
294.0492  295.5352
294.1911  295.8410
294.3177  296.0205
294.3977  296.1173
294.6665  296.4270
294.8419  296.4015
295.0474  296.6289
295.3327  296.9195
295.4010  297.1021
295.5962  297.3395
295.6446  297.2859
296.1006  297.5332
296.1669  297.8698
296.8260  298.5960
296.9274  298.4100
298.0556  299.5171
298.1133  299.7370
298.7116  300.6318
299.2083  300.8714
299.2318  301.0347
299.2705  301.0210
299.3722  301.0843
299.5274  301.5441
299.5591  301.6636
300.5687  302.4741
300.5740  302.6244
300.6299  302.5451
300.6347  302.7628
300.8452  303.1420
300.9511  303.2278
301.0440  303.4342
301.1482  303.5947
301.2259  303.6838
301.3411  303.8403
301.4990  303.9205
301.6139  303.8294
301.9447  304.0854
302.1766  304.2063
302.1798  304.3201
302.2301  304.3245
302.8285  304.9585
302.8312  304.6848
302.8807  304.7549
303.0938  305.1617
303.1319  305.5817
303.1827  305.3679
303.3068  305.3298
303.3661  305.4462
303.9490  305.5689
304.1965  305.6176
304.3693  305.9696
305.1179  306.8322
305.2197  306.9856
305.2397  306.9670
305.4609  307.3215
305.6323  307.4033
305.9086  307.6607
305.9141  307.8689
306.0731  307.8579
306.4312  308.1035
306.6296  308.4647
306.6364  308.1345
307.8380  309.4635
307.9579  309.7287
308.0440  309.6504
308.5056  310.0217
308.6780  310.2431
308.7556  310.5098
308.9002  310.4088
309.0980  310.8814
309.1150  310.9436
309.3242  311.2908
309.4658  311.4324
309.5445  311.5598
309.7639  311.7666
309.8332  311.8820
310.3959  312.3017
311.0972  312.7637
311.3923  313.0257
311.5447  313.0131
311.7011  313.0854
312.0147  313.5925
312.3872  314.0458
312.4040  314.2097
312.7302  314.1705
313.2454  314.6663
313.5152  315.1118
314.0061  315.5562
314.3385  315.8702
314.5270  316.1210
314.8547  316.3985
315.0472  316.7170
316.5105  318.0624
316.6480  318.4346
316.6687  318.7778
316.7372  318.4927
316.7936  318.5252
317.1407  318.8212
317.1920  318.6472
317.7500  319.4320
317.8914  319.2649
318.1332  319.7217
318.3413  319.9245
318.4753  320.6843
318.5626  320.9070
318.6836  321.0966
318.7583  321.3030
318.8054  321.3943
319.2483  321.2417
319.8218  321.4827
319.9727  321.5706
320.4591  322.1542
320.4707  322.3043
320.7014  322.8394
320.7544  322.8061
321.9203  323.6421
322.3502  323.9120
322.4409  324.0340
322.5056  323.9833
322.7414  324.3632
322.8193  324.3806
323.5174  325.0430
323.6271  325.2015
323.9847  325.4406
324.0543  325.7114
324.1353  325.9071
324.2078  326.2878
324.3631  326.4077
324.4202  326.6194
324.4682  326.5544
324.4887  326.7290
324.8064  327.0108
324.8315  326.8798
324.8615  327.0234
324.9115  327.2806
325.4061  327.2477
326.3523  327.8425
326.6411  328.2865
326.6896  328.2404
326.9225  328.3013
327.0461  328.4732
327.2204  328.7933
327.2366  329.0257
327.5397  329.0695
327.6932  329.3613
328.2502  329.7581
328.3890  329.8659
328.4080  329.9934
328.7184  330.2336
328.9096  330.6070
329.0099  330.5411
329.4781  330.9885
329.8256  331.3949
330.2981  331.6990
330.6679  332.2479
330.7953  332.3101
330.9563  332.6451
331.3182  332.9695
331.5609  333.1829
331.6811  333.3455
331.8027  333.5103
332.0416  333.6989
332.3916  334.1017
332.4185  333.9417
332.7983  334.5239
333.0508  334.7542
333.6432  335.0957
334.0442  335.5591
334.0698  335.5788
334.6235  336.3174
334.6749  336.5478
334.9043  336.7837
334.9174  336.8824
334.9197  337.0397
335.8491  337.4519
336.2096  337.7927
336.2334  338.0032
336.5728  338.0824
336.8382  338.4355
337.5389  339.2247
337.8835  339.5065
338.5239  340.0884
338.9244  340.6505
338.9532  340.7053
338.9770  340.9115
339.1201  341.0777
339.2303  341.5009
339.4052  341.5653
339.5034  341.9008
339.5074  341.6916
339.6085  341.7445
340.3078  342.6084
340.3677  342.5873
340.3912  342.7418
340.3980  342.8742
340.4507  342.7799
340.7160  343.0051
340.7433  343.1451
341.1564  343.1622
341.3575  343.3436
341.4103  343.2538
342.4235  343.8821
343.4650  344.9449
343.6164  345.0922
343.8356  345.5828
343.8540  345.4329
344.1103  345.8555
344.1294  345.6268
344.8924  346.3121
345.0824  346.7985
345.1240  346.7772
345.6207  347.1150
346.1013  347.7818
346.1367  347.5999
346.7217  348.3578
346.8626  348.5274
347.3537  349.2479
347.4008  349.0496
347.4236  349.1745
347.9119  349.6141
347.9467  349.8405
348.0755  350.3922
348.0948  350.2026
348.1338  350.3233
348.1652  350.3666
348.2552  350.4131
348.5784  350.6321
348.9226  350.4999
350.2910  351.8230
350.8252  352.4714
351.5860  353.2322
351.6464  353.5551
351.9294  353.5809
352.0170  353.7201
352.0889  353.7967
352.1659  354.0343
352.3076  354.1608
352.6183  354.3530
352.7529  354.5837
353.1633  355.0551
353.1862  354.9214
353.4632  355.2262
353.7190  355.1071
354.5175  356.2100
354.8642  356.5561
354.9548  356.6486
355.8225  357.5337
355.8747  357.7346
355.9922  357.6258
356.1357  357.8865
356.4238  358.3243
356.4629  358.2434
356.8375  358.5480
356.9035  358.8399
357.6269  359.0966
357.8969  359.4790
358.0619  359.5912
358.3509  359.8999
358.9313  360.5857
359.1417  361.1754
359.1589  360.8773
359.2483  361.3619
359.4995  361.4172
359.6039  361.5060
359.6544  361.5105
359.7276  361.6334
360.3939  361.9056
360.5429  362.1071
360.7920  362.2200
360.8969  362.6423
361.7394  363.1675
362.0120  363.7168
362.0593  363.8253
362.0979  363.7937
362.3223  363.8337
362.6740  364.1054
362.8235  364.3338
362.8743  364.5319
363.3588  364.9588
363.5503  365.0751
363.6759  365.1981
364.2551  365.9461
364.8740  366.3805
365.0466  366.7307
365.2278  366.9895
365.2903  367.1327
365.3637  367.3086
365.4836  367.3412
365.9636  367.3871
366.8715  368.5625
367.4608  368.9046
367.8150  369.4133
368.2302  369.6401
368.3044  369.9163
368.8174  370.5515
368.8448  370.5466
369.0659  370.8354
369.1308  370.7610
369.3133  371.0362
369.4169  371.1047
369.9007  371.5884
370.1104  371.6387
370.2529  371.9921
370.8505  372.3705
370.9099  372.4393
371.1072  372.7062
371.5452  373.2675
371.5688  373.4212
371.6190  373.5283
372.0864  373.7429
372.2617  374.0786
372.3325  374.1142
373.0728  374.6162
373.5771  375.6995
373.5926  375.5672
373.5930  375.5351
373.7389  375.6956
374.8532  376.3656
375.3573  377.0288
375.3890  377.1209
375.4149  377.1254
375.4841  377.1516
375.6096  377.2078
375.9632  377.7937
376.2964  377.9938
376.8974  378.3970
377.5586  379.2724
377.8226  379.5324
378.5208  380.1888
378.6588  380.4586
378.6649  380.2712
378.9394  380.8425
378.9406  380.7852
379.2038  380.5921
379.9022  381.4645
380.3629  381.9465
380.4743  382.1205
380.5382  382.2084
380.7434  382.4450
381.3293  382.8875
382.2673  383.8735
382.4082  383.9211
382.5554  384.1497
382.5768  384.2304
382.5787  384.4477
382.7873  384.5953
382.9759  385.3952
383.0414  385.2084
383.0451  385.3888
383.2584  385.3160
383.2840  385.5745
383.3562  385.4774
383.5273  385.5957
384.1478  385.9196
384.2361  386.3802
384.3400  386.2512
384.4299  386.5364
384.4942  386.6007
384.7716  386.7883
384.9154  387.2408
384.9977  387.2625
385.2204  387.0980
385.4261  387.2400
385.7011  387.4336
386.0939  387.8722
386.1859  387.8567
386.4234  387.9580
386.9569  388.5107
387.3592  388.8591
387.4363  389.1586
387.4942  388.9742
388.1391  389.6880
389.2434  390.7681
389.3497  391.3648
389.5171  391.3274
389.8447  391.2339
390.3349  392.0548
390.6723  392.4448
390.7128  392.4003
390.9476  392.7360
391.0593  392.8583
392.2191  393.7542
392.5813  394.3358
392.5915  394.3117
392.8320  394.6028
392.8471  394.7905
393.2143  394.6488
393.4353  395.1872
393.5377  395.2720
393.9821  395.5979
394.4462  396.1570
394.5159  396.0902
394.7363  396.4303
394.8514  396.6247
395.1027  396.5153
395.7387  397.4558
396.4699  398.0262
396.5173  398.7361
396.5235  398.5183
396.5768  398.6650
396.7796  399.0226
396.8557  399.0657
396.9929  399.3042
397.2131  399.5661
397.2462  399.4899
397.3871  399.5077
397.6327  399.8126
397.6679  399.9863
397.7851  400.1880
398.0908  400.2365
398.5631  400.3988
399.2666  400.6563
399.6114  401.1596
399.6983  401.3617
400.4630  401.9003
400.7133  402.2054
401.1065  402.4792
402.3208  403.9847
402.5116  404.3679
402.7149  404.3840
403.0504  404.7670
404.1746  405.9838
404.4026  405.9055
404.7386  406.2942
405.1337  406.7157
405.4859  407.1191
405.9960  407.5534
406.1145  407.8541
406.3485  407.7884
406.7443  408.3936
406.9702  408.3937
407.1037  408.6281
407.5108  408.9022
407.6152  409.1561
407.8674  409.4886
408.0768  409.7421
409.2952  411.2338
409.4368  411.2218
409.7731  411.3315
409.9167  411.5730
410.2806  411.6816
410.3790  412.1918
410.4843  412.2926
410.6747  412.3969
410.7233  412.4685
410.7468  412.8617
410.9619  412.8664
411.2421  412.8328
411.4763  412.9763
411.6855  413.1734
411.9194  413.7393
412.1183  413.7028
412.1614  414.0818
412.3170  414.0615
412.7273  414.1199
412.9879  414.9241
413.1312  415.0747
413.1954  415.1909
413.6341  415.4250
413.7698  415.2868
413.9937  415.7263
414.0621  416.0116
414.3115  416.2530
414.4229  416.3594
414.6651  416.7153
414.9874  417.0586
415.1043  417.4959
415.1605  417.3261
415.1942  417.5714
415.2706  417.6826
415.5680  418.1170
415.5899  417.9651
415.7064  418.2271
415.7600  418.1016
416.2743  418.6675
416.5054  418.6274
416.8259  418.7233
417.2841  418.9351
417.9210  419.5430
417.9541  419.7389
418.0859  419.5509
418.2935  419.8996
418.7235  420.3652
418.7688  420.5225
419.0908  420.5844
419.1087  420.7054
419.6034  421.2220
420.0123  421.6068
420.2265  421.6144
421.2445  422.7131
421.6080  423.3131
421.8100  423.6481
421.8154  423.4015
422.0273  423.4441
422.1770  423.8673
422.4344  424.0478
422.4599  424.1743
422.7724  424.1539
423.2550  424.9754
424.4666  425.9713
425.0775  427.0181
425.0951  426.9666
425.1223  426.9619
425.1805  427.0769
426.2563  428.3274
426.2907  428.2060
426.3266  428.3777
427.1868  428.5923
427.2678  428.6756
428.1572  430.0282
428.3633  430.1681
428.5060  430.4642
428.5249  430.1636
428.6744  430.2958
429.8388  431.3096
429.9190  431.4097
430.5698  432.1608
431.4811  432.9452
431.7268  433.3426
432.1081  433.9354
432.1150  433.7484
432.2079  434.1003
432.9837  434.5424
433.0754  434.7447
433.1340  434.9912
433.8733  435.3278
434.1117  435.6428
434.1630  436.0599
434.3288  435.9692
434.7057  436.2258
435.3400  436.8201
435.5249  436.9559
435.9169  437.2926
435.9949  437.6714
436.6694  438.1602
436.8177  438.3173
436.9588  438.4626
437.1122  438.6679
437.1133  438.9063
437.3363  439.0716
437.8563  439.6643
437.9185  439.6941
438.0426  439.7334
438.2834  439.8742
438.4588  439.9985
438.4596  440.2252
438.9016  440.5826
439.5153  441.0543
439.6052  441.4303
439.6377  441.4218
439.8192  441.5820
440.0583  441.4758
440.6165  442.4000
440.6495  442.6537
441.1524  442.6807
441.5223  443.4213
441.5582  443.5101
442.2756  443.7928
442.5982  444.2727
442.6390  444.3472
442.7505  444.4474
442.7529  444.5409
442.9605  444.7156
442.9984  445.1129
443.1061  445.0278
443.6073  445.3282
444.1541  445.8035
444.9328  446.7245
445.0498  446.7045
445.4607  446.9791
445.5717  447.2931
445.6737  447.6060
445.7047  447.5932
445.9428  447.7144
446.0274  447.8248
446.4657  448.2449
446.4702  448.0291
446.7473  448.5946
446.8147  448.6077
446.8624  448.7296
447.0153  448.5494
447.5290  449.2580
447.5512  449.1820
448.1379  449.5821
448.6281  450.1007
449.0321  450.8857
449.0336  450.7695
449.1187  451.0126
449.4147  451.1521
449.8574  451.5582
450.0408  452.1129
450.0876  451.7956
450.4518  451.9375
450.7202  452.2612
450.9041  452.5557
451.1123  452.5995
451.2857  453.0947
451.3156  453.1390
451.5600  453.1835
452.4621  454.2123
452.6617  454.4108
453.0320  454.4858
453.2272  454.9502
453.3135  454.9970
453.7101  455.3910
453.7499  455.4001
454.1654  455.5833
454.3611  455.9656
454.9468  456.5636
455.3735  457.0474
455.3776  457.1290
455.4483  457.4558
455.7263  457.4266
455.8118  457.6263
456.0929  457.5770
456.2034  457.6786
456.5438  458.1936
456.6359  458.2144
456.9664  458.5329
457.3133  458.7829
457.7372  459.1181
458.0377  459.7053
458.0570  459.6366
458.6800  460.2947
458.8506  460.2993
459.0626  460.5502
459.4738  460.9532
459.5871  461.1429
459.7542  461.4090
459.7720  461.5841
460.9882  462.3936
461.6358  463.2895
461.7857  463.3651
462.0303  463.6080
462.1187  463.7593
462.5247  464.1910
462.8878  464.3166
462.9621  464.7700
462.9737  464.6889
463.2765  464.8980
463.4752  464.9994
463.8379  465.3258
464.4036  466.1099
464.8202  466.6781
464.9398  466.5226
465.7081  467.1611
465.8279  467.2090
466.0646  467.5194
466.1259  467.6571
466.3996  468.0354
466.6155  468.2747
466.7276  468.3231
466.8722  468.6841
466.9886  468.6731
467.0127  468.8572
467.0562  469.0418
467.1551  469.1413
467.8134  469.6178
468.4190  469.9112
468.5697  470.0458
468.9962  470.5158
469.2953  471.1465
469.3814  471.3363
470.2822  471.9093
470.4270  471.8635
470.5159  472.1210
470.5925  472.2205
470.6575  472.2529
470.6852  472.3705
470.9952  472.5241
471.0567  472.7768
471.1172  472.8898
471.9356  473.6897
471.9499  473.6797
471.9754  473.7204
472.4946  474.4353
472.5064  474.4998
472.6437  474.7155
472.7440  474.6713
472.8186  474.7233
473.0623  474.6502
473.5090  475.2748
473.5420  475.3982
474.0524  475.6049
474.5860  476.1446
475.1172  476.8807
475.1567  477.1044
475.2242  477.2529
475.3766  477.9238
475.3847  477.6546
475.4461  478.1651
475.4557  478.2611
475.5742  478.1021
475.7125  478.3217
475.7962  478.4618
475.9058  478.7720
476.0064  478.6884
476.2929  478.9272
476.6342  479.0151
476.7792  479.2663
476.8514  479.0269
477.1315  479.3425
477.1512  479.4149
477.2125  479.3796
477.4442  479.7001
477.4837  479.7031
477.5156  479.8106
478.0916  479.6572
478.4312  479.9374
478.8333  480.2796
479.1153  480.7696
479.3475  480.9713
480.1104  481.7450
480.4368  482.1770
480.9375  482.7796
481.0492  482.7271
481.0867  482.9413
481.6320  483.3765
481.9414  483.7886
482.2025  483.7729
482.5776  484.1203
482.7995  484.3218
483.0839  484.9595
483.1414  485.1174
484.1410  485.7404
484.9122  486.5544
485.2086  486.7812
485.5200  487.2335
485.8478  487.2502
486.3552  488.0900
486.9630  488.5582
487.4998  489.1849
487.5514  489.4463
487.6090  489.3322
487.9967  489.5843
488.1910  490.0815
488.1919  490.0970
488.4135  490.0011
489.2965  490.8771
489.4429  491.1609
489.5138  491.1891
489.6537  491.3905
489.6831  491.3248
489.8280  491.5192
490.1206  491.5522
491.0815  492.6898
491.6492  493.1915
491.7397  493.3332
491.9599  493.7606
491.9621  493.7303
492.1314  493.9768
492.1473  493.9553
492.5915  494.4678
493.3435  495.2174
493.3769  495.0321
493.5405  495.4145
493.7400  495.5548
494.2752  495.9063
494.5144  496.0689
494.6713  496.1743
494.8262  496.3753
495.0116  496.4601
495.1911  496.8859
495.3870  497.0325
496.4165  497.9479
496.4209  498.0290
496.7074  498.1505
497.1359  498.5923
497.9364  499.7440
497.9685  500.0071
498.0017  500.1785
498.0917  500.3337
498.3386  500.8576
498.3511  500.5772
498.3904  500.6767
498.7015  500.9723
498.8446  501.0092
499.0056  501.3192
499.1067  501.2362
499.1715  501.3242
499.7044  501.4342
499.8873  501.5932
499.9339  501.7420
500.2886  501.6483
501.1930  502.6924
501.3616  502.9565
501.4371  503.0104
501.7618  503.2932
501.9008  503.4743
502.5392  504.0893
502.6649  504.2236
502.8414  504.7385
502.8510  504.6337
502.8978  504.8684
503.5961  505.3202
503.8490  505.4522
504.1782  505.7131
504.2778  505.8251
504.2919  505.9904
504.9098  506.3856
504.9586  506.7401
506.0369  507.5269
506.0911  507.7023
506.6464  508.2918
506.7708  508.4398
506.8932  508.7851
507.5782  509.1951
507.6984  509.3453
508.2114  510.0612
508.2152  509.9769
508.4140  510.1113
508.5995  510.3553
508.6790  510.5327
508.6934  510.6538
509.0649  510.9735
509.3153  510.9719
509.3879  511.1310
509.9045  511.6119
510.1518  512.0444
510.3317  512.4237
510.3374  512.3103
510.3527  512.2661
510.5934  512.8921
510.6351  513.1022
510.7882  513.2199
510.8209  513.5312
510.8924  513.4600
510.9773  513.4650
511.1671  513.8716
511.2055  513.6439
511.5285  513.9555
511.6377  513.9162
511.6378  514.0634
511.9888  514.1191
512.0833  514.3685
512.5495  514.7404
512.6103  514.5508
512.7726  514.7920
512.9063  514.7993
512.9842  515.0015
513.1622  515.0046
513.3400  515.1921
513.8308  515.4322
514.1149  515.8884
514.2764  515.9623
514.7718  516.4168
515.1109  516.8504
515.1591  516.9682
515.2566  517.4633
515.5199  517.3524
515.5949  517.2508
515.7730  517.4486
517.0060  518.4005
517.6212  519.2476
517.9334  519.9695
517.9819  520.0881
518.1935  520.2375
518.3112  520.4974
518.3725  520.4196
518.5196  520.5761
518.7427  520.8304
519.0530  520.8609
519.0617  520.9761
519.1237  521.0944
519.1689  521.2243
519.5570  521.2123
519.8994  521.5523
520.1983  521.7666
520.9066  522.3008
521.0205  522.6475
521.5958  523.2174
521.9046  523.3809
522.0541  523.6832
523.0953  524.8603
523.2630  524.8662
523.3830  524.9024
523.3934  525.0422
523.7296  525.2205
523.9014  525.4549
524.4185  525.9601
524.6229  526.2935
524.6465  526.4091
525.2079  526.6347
525.5019  527.0083
526.3925  528.0687
526.6916  528.3917
526.7604  528.2326
527.0562  528.6912
527.1117  529.0484
527.1140  529.0692
527.3496  529.1647
527.8484  529.4752
527.9935  529.6091
528.7176  530.3257
529.2651  530.9507
529.3018  531.2564
529.3206  531.1285
529.4493  531.2501
529.7676  531.4119
529.9526  531.6530
530.2512  531.6775
530.3597  532.0320
530.6868  532.6680
530.7134  532.5940
530.7524  532.9332
530.7692  532.7584
530.8320  532.9902
531.0350  533.0762
531.2874  533.2495
531.5349  533.6527
531.7126  533.7591
531.7529  533.9049
531.9441  533.9332
532.3078  534.0825
532.3363  534.0698
532.4234  534.2543
533.4318  534.9453
533.7150  535.2787
533.8484  535.6626
533.8608  535.6025
534.1235  535.9792
534.1360  536.0264
534.1868  536.1218
534.6384  536.1559
534.8888  536.3757
534.9367  536.7467
535.0698  536.6918
535.2290  536.8975
535.2347  537.0447
536.2184  537.8395
536.8466  538.3805
536.9313  538.5537
536.9672  538.6816
537.3237  539.1255
537.3395  538.9468
537.6625  539.3225
537.7114  539.2896
537.8042  539.3570
538.0046  539.4447
538.6332  540.2832
539.2471  540.9740
539.2583  540.7498
539.6984  541.2321
539.7120  541.3637
539.8000  541.7063
539.9029  541.9127
540.0289  542.2836
540.0659  542.0587
540.5486  542.3510
541.0399  542.6890
541.0840  542.6985
541.2987  542.8465
541.3750  542.9844
541.6339  543.5803
541.6828  543.8396
541.7305  543.9558
542.4935  543.9568
543.0156  544.7997
543.0412  544.7961
543.2160  545.0198
543.9163  545.5719
543.9520  545.6335
544.5304  546.1443
544.7843  546.8325
544.8121  546.4909
545.0909  546.7112
545.3060  547.1300
545.4077  547.4146
545.4119  547.3522
545.4822  547.4502
546.0112  547.9562
546.0785  547.8437
546.1325  548.0321
546.5214  548.2395
547.0427  548.5283
547.2334  549.1669
547.2688  549.0475
547.3673  549.2499
548.3040  549.9828
548.6414  550.4183
548.7977  550.4835
549.9336  551.4320
550.5205  552.1459
551.2248  552.7685
551.4668  553.0313
551.5297  553.2006
551.9681  553.4512
552.1526  553.6654
552.6031  554.0976
552.6333  554.3490
553.4811  555.0031
553.5841  555.1296
553.6931  555.5111
553.7168  555.6718
553.8371  555.5307
554.8220  556.5847
555.3601  556.9932
555.8887  557.4087
556.0869  557.6580
556.2510  557.8880
556.3538  558.0981
556.4508  558.3458
557.2759  558.9306
557.2800  559.1987
557.3828  559.4969
557.4271  559.7093
557.4619  559.6595
557.6640  560.0693
557.7436  560.3374
557.9555  560.8817
557.9575  560.7221
558.2486  561.2001
558.3030  561.2743
558.3349  561.3223
558.4448  561.4744
558.7082  561.6655
558.8221  561.8845
559.0519  562.3227
559.1091  562.4737
559.1240  562.2617
559.3148  562.3211
559.3967  562.5463
559.8256  562.5487
559.9251  562.8650
560.2500  562.6473
560.5174  562.8585
560.7862  562.9416
560.9867  563.1134
561.0785  563.2920
561.1000  563.2712
561.4353  563.2938
561.6581  563.5105
561.7947  563.8808
561.8739  564.0539
561.9322  564.3275
561.9323  564.1271
562.0504  564.3723
562.2910  564.5296
562.7172  564.5904
562.7409  564.4749
562.9343  564.7082
563.7637  565.2799
564.0050  566.3450
564.0641  565.9984
564.0797  566.2149
564.2171  566.3372
564.2585  566.3743
564.8898  566.6038
564.8908  566.5443
565.0394  566.9069
565.1250  566.8203
565.5654  567.3435
565.5810  567.2971
565.7905  567.4033
565.9637  567.6340
566.0074  567.6687
566.3319  567.7524
566.5708  568.2261
566.8179  568.3685
566.9385  568.6163
567.1831  568.7969
567.2203  568.8052
567.4029  568.9886
567.4930  569.2963
567.5496  569.2178
567.8018  569.5571
568.0378  569.5987
568.8071  570.3626
568.9905  570.5217
569.1733  570.7467
569.2822  570.9892
569.4098  570.9616
570.3958  571.8493
570.8280  572.1885
571.5566  573.5636
571.5621  573.4782
571.6420  573.7924
571.8322  574.0243
571.9990  573.9555
572.1687  574.1312
572.6420  574.3266
572.7819  574.5607
572.8061  574.7611
572.9051  574.7369
573.3914  574.9685
573.6512  575.0931
573.8448  575.2794
574.0140  575.5686
574.4460  575.8912
574.9465  576.4540
575.0563  576.5552
575.3474  576.9876
575.4464  576.9245
575.9812  577.5349
576.4890  578.5691
576.5762  578.9484
576.6117  579.0117
576.6269  579.0390
577.0354  579.2818
577.2329  579.6527
577.7885  579.6676
577.8547  579.8347
578.5222  580.0580
578.6262  580.1322
579.6473  581.3878
579.6675  581.6192
579.7731  581.8340
579.8142  581.7053
579.8599  581.8950
580.8764  582.4732
581.0496  582.6309
581.1286  583.0993
581.1539  582.9174
581.5410  583.5241
581.6335  583.7686
581.7407  583.7943
581.8520  584.2495
582.0662  584.1850
582.2926  584.2898
582.4486  584.3072
583.3780  585.0523
583.8019  585.5647
584.0981  585.5654
584.2984  585.7676
584.8950  586.5413
585.1291  586.7031
585.2485  586.9137
585.7432  587.2479
586.0070  587.5355
586.2289  587.7289
586.2809  587.8588
587.1882  588.7074
587.3207  588.9749
587.3393  589.0408
587.4460  589.4315
587.6673  589.1818
588.0833  589.8318
588.1211  589.8055
588.1791  590.0617
588.7103  590.2267
589.0455  590.4916
589.1806  590.6525
589.4345  591.3321
589.4489  591.2599
590.0402  591.7823
590.1103  591.8024
590.5502  592.0181
590.8789  592.6593
590.9204  592.7968
590.9419  593.1277
591.0793  593.3281
591.1660  593.3441
591.2339  593.0463
591.8177  593.3176
592.0431  593.4605
592.5145  593.9325
592.8507  594.3915
592.8546  594.6391
593.3887  594.9019
593.4552  594.9995
593.6149  595.1087
593.7990  595.5745
594.0133  595.6734
594.8052  596.2958
594.9224  596.2717
595.0609  596.7633
595.0767  596.7659
595.6370  597.3123
595.7286  597.2225
596.5834  598.1072
596.8661  598.4036
596.9598  598.4973
597.1069  598.7553
597.5658  599.1281
598.0778  599.6617
598.7249  600.5324
598.7871  600.5782
598.8564  600.6712
599.0779  600.7387
599.3929  600.8314
599.6893  601.3150
599.7141  601.2590
600.1720  601.7756
600.4604  602.1183
600.7671  602.3598
600.9442  602.2803
601.7966  603.2106
602.0913  603.5068
602.5666  604.1082
602.7658  604.1954
603.1023  604.9448
603.1791  604.9398
603.6376  605.0659
603.7760  605.6354
603.8246  605.4812
603.8634  605.6402
604.0498  605.6008
604.0814  605.8370
604.4861  606.1708
604.5453  606.1508
604.7332  606.2778
606.5641  608.1612
607.3176  608.7609
607.5354  609.4749
607.5770  609.6090
607.6143  609.5724
607.7290  609.6384
607.9006  609.7601
608.0555  609.8564
608.5931  610.3520
608.6927  610.8084
608.6960  610.4769
608.8084  610.6803
609.0362  610.8424
609.4133  611.1737
610.1692  611.6429
610.2583  611.9533
610.3827  612.2130
610.5143  612.5462
610.8626  612.3724
611.3174  612.9409
611.6377  613.5259
611.6503  613.3711
611.7549  613.5833
612.0450  613.8139
612.1310  613.9191
612.2931  614.0179
612.4010  614.2090
612.4101  614.4293
612.5888  614.2995
612.6293  614.3206
613.1067  614.7694
613.1762  614.8607
613.7538  615.3084
613.8356  615.2624
614.0995  615.8804
614.4164  616.0135
615.0135  616.5895
615.1306  616.6878
615.6033  617.0688
615.8709  617.3794
617.3952  619.1670
617.7606  619.2783
617.9305  619.7830
618.0468  619.7482
618.2479  619.8945
618.7402  620.3088
619.0279  620.6076
619.4646  621.2265
619.4778  621.3073
619.9415  621.6515
620.1449  621.7162
620.7368  622.4604
620.8222  622.2732
621.0757  622.6211
621.2187  622.8124
621.5544  623.5694
621.6093  623.6433
622.1762  623.8456
622.2948  624.1023
622.3260  624.2813
622.4436  624.1875
622.8842  624.4976
623.0251  624.7788
623.0770  624.8575
623.4522  625.0354
623.7859  625.3442
623.8507  625.4857
624.0053  625.6722
624.3125  626.1062
624.3564  626.2123
624.4973  626.3763
624.5745  626.2415
624.6617  626.4821
625.0371  626.8242
626.0316  627.6608
626.1399  627.5457
626.2302  627.8375
626.4514  627.9943
626.9376  628.5915
627.1650  628.7859
627.5887  629.0403
627.6843  629.2010
627.9918  629.7661
628.0866  629.6013
628.2583  630.0708
628.9777  630.4491
629.3291  631.0400
629.4367  631.3027
629.4381  631.0955
629.7627  631.4505
629.9810  631.5584
630.3447  631.9837
630.4625  631.9715
630.6687  632.4355
630.8836  632.7854
630.9214  632.5284
631.0480  632.5647
631.6865  633.2091
631.6945  633.5013
631.7577  633.4248
632.3051  634.1813
632.3263  634.3027
632.4804  634.1468
633.2973  635.0156
633.8383  636.1252
633.8502  635.8124
633.8830  636.1128
633.9654  635.9922
634.0614  636.0771
634.4279  636.2075
634.7518  636.4346
634.9245  636.5553
635.2269  636.7050
635.7252  637.2377
635.8186  637.3093
636.4716  638.0133
636.8304  638.5450
637.0103  638.5960
637.3347  638.7302
637.7702  639.3699
638.5158  640.2218
638.8233  640.3994
638.8790  640.6600
639.0583  640.9458
639.5805  641.0609
639.9606  641.3747
640.2872  642.0317
640.3115  642.0633
640.3595  642.0483
640.7947  642.1478
641.8252  643.5031
641.9747  643.3781
642.4129  643.9795
642.6182  644.0638
642.6941  644.3637
642.9128  644.5504
642.9175  644.3710
643.0835  644.8047
643.1648  644.8490
643.3232  644.9427
644.1691  646.0584
644.1751  646.0821
644.2143  646.1604
644.3520  646.1158
644.4429  646.1438
644.6956  646.3370
644.9072  646.5502
645.0983  646.7264
645.5916  647.3764
645.6364  647.5397
646.1883  647.7842
646.2174  647.9782
646.6527  648.5506
646.6968  648.5265
646.7767  648.6909
646.8325  648.7426
647.7359  649.2385
647.7890  649.4282
647.9889  649.6973
648.1245  649.7868
648.5215  650.2223
648.5470  650.4630
648.7524  650.6855
648.7964  650.7212
648.8242  650.6618
649.0400  650.7683
649.2434  650.6818
649.4644  651.3479
649.4689  651.1654
649.6096  651.2095
649.9874  651.6034
650.2112  651.8474
650.3973  652.0004
650.6204  652.4895
650.6302  652.4041
651.4174  652.9941
651.9365  653.4322
652.6166  654.1230
652.9026  654.6927
652.9396  654.5925
653.6440  655.2067
654.3102  655.7541
654.8270  656.5329
655.9683  657.6221
656.3725  657.8813
656.5628  658.1223
656.6977  658.3937
656.7659  658.5185
656.9341  658.7220
657.0084  658.8228
657.1597  658.9981
657.3780  659.2327
657.4633  659.2740
657.8866  659.9161
657.9293  660.2541
657.9377  660.1705
657.9458  660.3140
657.9869  660.4222
658.2049  660.4800
658.7856  660.4490
659.0912  660.7480
659.4307  661.1380
659.4456  661.2453
659.7854  661.3626
659.9147  661.7481
659.9566  662.0090
660.0602  662.1714
660.2522  662.2749
660.2877  662.7457
660.3549  662.4633
660.9347  662.6570
661.2307  662.7663
661.7669  663.5045
661.8043  663.3925
661.9547  663.5378
662.4647  664.0173
662.5329  664.1996
662.9523  664.4066
663.1452  664.7906
663.2255  664.7420
663.9150  665.4861
664.2231  665.8944
664.2720  665.7263
664.7938  666.3505
664.9326  666.4871
665.9894  667.9154
666.0015  667.7847
666.1530  668.1385
666.2948  668.2024
666.3777  668.3100
667.0400  668.6276
667.1421  669.0125
667.1991  669.1102
667.3982  669.2386
667.4467  669.3165
668.0254  669.5370
668.3600  670.0714
668.4006  670.3887
668.4045  670.3649
668.5448  670.6023
668.5928  670.7700
668.7995  670.7831
669.0633  671.1337
669.3008  671.2747
669.4609  671.3837
669.5406  671.6185
669.7428  671.5746
669.9260  671.6503
670.3449  671.8464
671.0466  672.6813
671.2642  672.9615
671.8913  673.5606
672.0873  673.9634
672.1489  673.7927
672.6314  674.7340
672.6496  674.7921
672.6686  674.7331
672.7183  674.5887
672.7531  674.8422
673.2056  674.8188
673.2667  675.0330
673.5548  675.3665
673.9899  675.6239
674.0317  675.9247
674.1029  676.4118
674.1917  676.5587
674.1946  676.3949
674.4151  676.5867
674.8328  676.7285
675.6673  677.1047
675.9031  677.5283
675.9440  677.6810
676.3774  677.9752
676.4232  678.0430
676.5609  678.1812
676.9933  678.5180
677.0483  678.8935
677.1298  678.7761
677.5664  679.3999
677.6033  679.5674
677.7113  679.8844
677.7433  679.9789
677.9390  680.0888
678.0598  680.1142
678.0610  680.0895
678.1250  680.0936
678.3934  680.3406
678.3977  680.2820
679.6183  681.0026
679.6928  681.4921
679.8372  681.7151
679.8430  681.6915
680.0693  681.8834
680.4101  682.2686
680.5024  682.2799
680.6440  682.8643
680.7854  682.8267
680.9412  682.7849
681.2216  683.0727
681.4908  683.1560
682.0842  683.4377
682.4490  684.0339
683.5329  685.3497
683.6286  685.4970
683.6573  685.5989
684.0642  685.9877
685.7097  687.3035
685.8969  687.4017
686.2980  687.9004
686.6265  688.1440
687.0074  688.5662
687.3665  688.8666
687.8967  689.6831
688.0055  690.3148
688.0089  690.0844
688.0520  690.2107
688.0638  690.2623
688.1547  690.1995
688.6730  690.5301
688.9425  690.5420
689.0452  690.9152
689.6748  691.1747
690.0130  691.4223
690.8290  692.4638
690.9840  692.6605
691.2034  693.0648
691.2879  692.9462
691.2880  692.8289
691.5875  693.3680
691.6362  693.4289
691.8741  693.9107
691.9134  694.3027
691.9168  694.0827
691.9263  694.3343
692.9463  694.4293
693.2145  694.7082
693.9277  695.4702
694.2689  695.8947
694.6314  696.4171
694.9714  696.8383
694.9813  697.2077
695.0148  697.0397
695.3228  697.3029
695.3487  697.3334
696.4070  698.1236
696.5970  698.1802
696.9262  698.4938
697.1783  698.9185
697.2344  698.9728
697.4060  699.2881
697.5911  699.0993
697.8429  699.4169
698.2838  699.7227
698.3744  699.9929
698.7153  700.3371
699.0995  700.7804
699.3976  701.0027
699.4310  701.2097
700.0845  701.7818
700.1571  702.1737
700.2179  702.0401
700.2189  702.2353
701.2892  702.8003
701.7874  703.2591
702.3013  703.9411
702.5776  704.1113
702.7917  704.3231
703.0600  704.8648
703.0706  704.8499
703.6980  705.1329
704.2613  705.6026
704.3980  705.9842
704.7368  706.3207
705.6018  707.0130
705.8534  707.4198
706.2705  707.8356
706.7745  708.2433
706.9300  708.2761
708.1462  709.6033
708.3656  709.8197
708.5363  710.6556
708.5531  710.3058
708.5888  710.4236
708.6988  710.5423
709.2427  710.8172
709.2515  711.0095
709.2925  710.8357
709.7597  711.3214
710.5702  711.9584
710.9663  712.6892
711.0526  712.7486
711.1508  713.2544
711.1695  713.0101
711.3661  713.0943
711.5438  713.3071
711.6808  713.4497
712.3215  713.8511
713.3625  715.1076
713.4803  715.4051
713.4819  715.3251
714.0345  715.4635
714.1128  715.5178
714.2581  715.8056
714.4793  716.0381
715.2184  717.0696
715.2656  717.0442
715.2684  717.1829
715.7297  717.5027
717.0588  718.7377
717.1293  718.9397
718.0150  719.4994
718.5394  720.1760
718.7337  720.4143
718.7987  720.5542
719.4817  721.3052
719.5215  721.3835
719.8337  721.3384
720.1367  721.6522
720.3631  722.0388
720.8238  722.4280
721.1946  722.6237
721.6771  723.3233
721.7587  723.3820
722.4568  723.9738
723.3888  724.8659
723.4632  724.9009
724.7030  726.3331
724.8575  726.2338
725.0699  726.5662
725.2419  727.1492
725.4323  727.1473
725.6805  727.3938
725.8849  727.3864
725.9601  727.5921
726.7759  728.3537
726.8906  728.4237
727.1678  728.8313
727.7313  729.7472
727.7450  729.9179
727.8598  730.3235
727.8636  730.1107
727.8922  730.3660
727.9590  730.4331
727.9913  730.6017
728.2049  730.5639
728.3697  730.7426
728.5946  730.7063
729.4871  731.0152
729.6930  731.2266
730.2726  731.8196
730.6562  732.0354
730.9049  732.3276
731.0117  732.5616
731.5790  733.3010
731.8770  733.5129
732.2439  733.8895
732.4518  734.1949
732.5510  734.4761
733.3121  734.9592
733.4869  735.1352
733.5871  735.3588
733.6886  735.7541
733.7144  735.4298
734.2316  735.6898
734.3812  735.7959
734.4806  735.9926
734.6556  736.2885
734.7957  736.4479
734.9266  736.7634
735.1816  737.0205
735.3995  737.1796
735.5221  737.1717
735.5644  737.3084
735.6701  737.5789
736.4809  738.6197
736.6261  738.5080
737.2420  738.7432
737.4860  739.4436
737.6498  739.1424
737.8568  739.7743
738.0180  740.0197
738.0393  740.0349
738.1167  740.0965
738.1360  740.1844
738.2359  740.3435
738.2601  740.4512
738.5051  740.5186
738.6611  740.6661
738.8903  740.7148
739.2941  740.7504
739.4605  741.0977
739.5060  740.9500
739.7197  741.2089
739.8212  741.3976
739.9751  741.5493
740.1167  742.0018
740.2766  742.1626
740.3684  742.2900
740.5816  742.4046
741.3396  743.2893
743.1290  744.9200
743.1532  744.9491
743.2601  745.4902
743.3058  745.5423
743.5716  745.5832
744.0308  745.6213
744.3621  746.0712
744.4673  746.0615
744.9374  746.6494
745.1776  746.5187
745.4996  747.0776
745.5713  747.2023
746.1871  747.8025
746.5970  748.2845
746.6153  748.1023
747.5278  749.0488
747.8320  749.3768
747.9445  750.1859
748.0332  749.8651
748.0477  750.2806
748.5290  750.0481
749.0279  750.4181
749.3215  750.8507
749.6614  751.4138
749.7707  751.3774
750.7155  752.3727
751.6392  752.9993
752.0075  753.5368
752.2175  753.6585
752.3690  754.0581
752.4322  754.1342
752.6823  754.2786
753.3265  755.1091
753.4016  755.4240
753.4663  755.2495
753.7828  755.4787
754.4854  756.0866
754.7975  756.4053
756.7732  758.4794
756.7789  758.6564
756.9681  758.8670
757.0473  758.8644
757.4154  759.0241
757.8499  759.4497
757.9682  759.6023
758.5064  760.0738
758.6058  760.1882
758.6742  760.3233
758.8033  760.4142
758.9204  760.8805
758.9652  760.9142
759.1398  761.0645
759.1453  761.2863
759.1485  761.3426
759.2292  761.4871
759.7254  761.5124
760.2152  761.5661
760.8197  762.3034
760.8863  762.4479
761.1732  762.8862
761.7798  763.2368
761.8476  763.7432
761.9734  763.8568
762.3139  763.8895
762.3475  764.1768
762.4058  764.2931
762.7263  764.2783
762.8191  764.6532
763.0167  764.5432
763.1498  764.9289
763.1623  764.9604
763.2198  765.3094
763.2745  765.3741
763.7490  765.3121
763.8518  765.4251
764.2173  765.7865
764.5250  766.4379
764.5309  766.3285
764.6977  766.5787
765.3494  767.0475
765.5980  766.9432
765.7684  767.5002
766.0375  767.5277
766.3813  767.9697
766.5340  768.1915
766.9743  768.6206
767.7802  769.4331
767.8490  769.3330
768.1596  769.8468
768.5714  770.1378
768.7761  770.4111
769.3948  770.8134
769.6761  771.0700
769.9347  771.5203
770.2172  772.0397
770.3000  772.2291
770.3818  772.1931
770.7283  772.3565
771.4243  773.0007
771.4702  773.1533
772.0142  773.5608
772.4809  774.1197
772.5029  774.2519
772.5981  774.3118
772.6587  774.5144
772.6872  774.5624
773.0767  774.7424
773.1537  774.6095
774.0117  775.7149
774.1457  775.7070
774.2909  776.0393
775.0635  776.4439
775.7264  777.4615
776.2195  778.2203
776.2259  777.8386
776.2990  778.0620
776.3575  778.2069
776.6438  778.4966
776.7251  778.4876
777.2953  778.7974
777.3828  779.0478
777.4387  779.2054
778.2143  779.8818
778.2927  779.9779
778.4393  780.1127
778.6954  780.7294
778.8099  780.4870
779.0175  780.9898
779.3922  781.9298
779.3965  781.9464
779.4136  782.0605
779.6542  782.1735
780.2895  782.4490
780.9294  782.9021
781.0247  782.7385
781.2176  783.1234
781.4625  782.9209
781.6724  783.6396
781.8653  783.8639
781.9634  783.7327
782.4761  784.1881
782.9671  784.5261
783.1522  784.7950
783.8088  785.3484
784.0031  785.6098
784.3047  785.9078
784.5052  786.0204
784.6461  786.3341
784.8247  786.5000
785.4636  787.4527
785.5113  787.2671
785.6477  787.5913
785.8746  787.4863
785.9532  787.6667
785.9684  787.6700
786.1702  787.6989
786.3099  788.2778
786.3218  788.0353
786.6015  788.4676
787.0064  788.7497
787.1091  789.0795
787.1274  789.1163
787.5559  789.5322
787.5662  789.5295
787.7954  789.9942
787.8191  790.0168
788.0791  789.8973
788.6869  790.3338
788.7519  790.5805
788.7725  790.6946
789.0661  791.2085
789.1635  791.2582
789.2048  791.4038
789.2676  791.4881
789.4574  791.6909
790.0058  791.5542
790.1894  791.8557
790.8772  792.4077
791.1704  792.6234
791.9494  793.5827
792.3003  793.9613
792.3054  794.1056
792.7452  794.1546
793.7299  795.4613
793.9902  795.5051
794.3456  795.8102
794.4330  796.0637
794.4817  796.1531
794.8447  796.4901
794.9289  796.8765
795.1349  796.5357
795.4538  797.1749
795.4586  797.2830
795.4630  797.3158
795.7707  797.6517
795.8159  797.4072
795.9265  797.5291
796.2094  797.7971
796.3179  797.8155
796.4998  798.2046
796.5849  798.1681
797.4704  798.9445
797.9061  799.6336
798.1767  800.1226
798.2178  800.2836
798.2978  800.2560
799.2054  800.7547
799.5982  801.0640
799.7640  801.4838
799.9486  801.4845
800.1437  801.8088
800.5791  802.1919
801.8560  803.7114
802.7385  804.4037
802.9632  804.5047
803.9756  805.5265
804.4032  805.8325
804.5731  806.1738
804.8692  806.6136
804.9149  806.8387
805.0610  807.3345
805.0700  807.5661
805.1179  807.6290
805.1505  807.7751
805.2095  807.8838
805.3640  807.9884
806.3746  807.9582
806.4912  808.4265
806.4959  808.4414
806.6068  808.4068
806.6542  808.6185
807.1023  808.6643
807.1460  808.7771
807.6075  809.1724
807.6140  809.4186
807.8273  809.4607
807.8676  809.6027
808.0798  809.9652
808.1917  810.0395
808.4925  810.1328
808.6544  810.2840
808.8928  810.4393
809.2286  810.8848
809.3005  810.8008
810.1886  812.0619
810.1977  812.3916
810.2288  812.3442
810.2509  812.5247
810.3470  812.6252
810.3674  812.8214
810.6983  813.0630
811.2615  813.4044
811.2664  813.8007
811.3188  813.5350
811.4412  813.8055
811.6518  813.7711
811.7087  813.8926
812.3881  813.9890
812.9771  814.5816
813.4930  814.9272
813.6499  815.2121
814.6047  816.3477
814.6560  816.4691
814.7305  816.6773
815.0165  816.8200
815.1726  816.8754
815.6120  816.9697
815.8017  817.4263
815.8133  817.6330
816.4433  817.9391
816.4990  818.3214
816.5346  818.4033
816.5838  818.7623
816.8238  818.8550
816.9503  818.8762
817.5463  818.9004
817.7453  819.5844
817.7747  819.4232
817.9908  819.6547
818.2357  819.7830
818.3340  820.0257
819.1085  820.6213
819.1382  820.8150
819.2066  820.9547
819.4739  821.2485
819.6575  821.5097
819.6756  821.6193
819.7540  821.6673
819.8778  821.8081
820.6439  822.1094
821.4841  823.2973
821.4940  823.4250
821.5032  823.4923
821.6850  823.5485
821.8166  823.8149
822.0399  823.6198
822.3538  824.0102
822.5117  824.3429
822.5371  824.5362
822.5392  824.7888
822.6143  824.6836
822.6965  824.8680
823.0308  824.9660
823.1514  825.1120
823.2478  825.2678
823.2610  825.2419
823.4999  825.4525
823.7707  825.4064
823.9968  825.4970
824.1142  825.5799
824.7008  826.3701
825.1534  826.7050
825.4616  827.0765
825.8409  827.6098
825.8738  828.0905
825.9095  828.2086
826.0865  827.8278
826.0923  828.3464
826.7859  828.3648
826.8178  828.3720
827.5308  828.9977
827.6481  829.2192
827.7876  829.3844
827.8348  829.8804
827.8970  829.8342
827.9546  830.0411
828.0690  830.0094
828.3871  830.3556
828.4676  830.3736
828.8613  830.4900
829.2288  831.0843
829.3635  831.2154
829.9339  831.6701
830.7519  832.2175
830.8999  832.4400
831.2568  832.9315
831.9948  833.6455
832.2085  834.0068
832.3359  834.0752
832.9678  834.6415
833.1062  834.5468
833.2613  834.7469
833.5664  835.2435
833.6354  835.1419
833.7505  835.6990
834.0098  835.5920
834.8640  836.3728
834.9198  836.5702
835.3179  837.2098
835.4716  837.4977
835.4771  837.6828
835.5191  837.8396
835.5887  837.9322
836.0116  837.6865
836.4496  837.9298
836.8514  838.3229
837.1260  838.7290
837.3843  839.3364
837.4294  839.4690
837.4978  839.1731
838.3989  839.8308
838.5118  839.8547
838.7936  840.3655
838.9917  840.5415
839.2701  840.8634
839.4526  841.1377
839.4870  841.2143
839.5650  841.2224
839.7527  841.3399
840.1999  841.6249
840.6150  842.1188
840.6439  842.1599
840.8384  842.5891
840.9354  842.7920
841.0449  843.0579
841.1865  843.2060
841.9167  843.6017
841.9324  843.7458
841.9706  843.6577
842.2849  843.9790
843.3735  844.8456
843.8046  845.5202
844.1593  845.6672
844.4083  846.3146
844.4610  846.4079
844.7239  846.4183
844.9812  846.6723
845.4017  846.9379
845.7134  847.6531
845.7542  847.6919
846.0458  847.8195
846.2624  847.9141
846.8022  848.3701
847.1124  848.8736
847.1323  849.0057
847.2022  849.1559
847.4452  849.1192
847.8404  849.5894
847.9172  849.4042
848.4652  850.0788
848.6099  850.1160
848.7866  850.4275
849.6310  851.0977
849.7867  851.4732
849.9862  851.4229
850.3143  851.7881
850.6371  852.1399
850.7903  852.3352
850.9598  852.5104
850.9743  852.6512
851.1154  853.1813
851.5169  853.6240
851.5593  854.0073
851.5990  853.9823
851.8694  854.1660
852.7386  854.4550
852.8998  854.6675
852.9930  855.2310
852.9943  855.3292
853.0571  855.3336
853.1676  855.4492
853.4990  855.8714
853.5724  855.5365
853.7978  855.8563
853.9111  856.0318
854.3220  856.1030
854.4080  856.1923
854.4733  856.1832
855.2812  856.8364
855.3579  856.8466
855.7119  857.4697
855.7185  857.3965
856.0715  857.5300
856.1616  857.6904
856.3649  857.8360
856.5125  857.9283
856.7055  858.1807
856.8434  858.3891
857.4994  859.1679
857.5665  859.1240
858.2176  859.7949
858.4796  860.2139
858.5614  860.4387
858.6800  860.4290
859.2020  861.2865
859.3725  861.0867
859.3798  861.1683
859.6079  861.4129
859.9874  861.4796
860.8433  862.7434
860.9329  862.9835
860.9367  863.1099
861.1539  863.1423
861.7938  863.5561
861.8216  863.3981
862.0981  863.9900
862.1277  863.8514
862.2692  863.9597
862.3396  864.3710
862.6209  864.4110
863.2972  865.0121
863.3111  864.9571
863.5775  865.1716
863.7681  865.3567
864.2504  865.8590
864.2973  866.0365
865.6138  867.0725
866.1301  867.6087
867.0311  868.6309
867.3975  869.0816
867.4926  869.3770
867.9048  869.5979
867.9460  869.8555
867.9507  869.7496
868.2488  870.0408
868.3299  870.4608
868.3545  870.4126
868.4153  870.6153
868.4953  870.7404
868.5610  870.7164
868.8003  870.7740
869.1445  870.9981
869.2858  871.2709
869.8613  871.5059
870.0128  871.5058
870.0757  871.6983
870.4607  871.8609
871.3405  872.7940
871.7563  873.3012
871.7742  873.4637
871.9222  873.6458
871.9614  873.5115
872.2654  874.6829
872.2868  874.4294
872.3192  874.3703
872.3355  874.5995
872.4291  874.7832
872.6741  874.5269
873.0444  875.0528
873.1256  875.1282
873.2795  875.5227
873.3057  875.5374
873.3130  875.3276
873.3503  875.4390
873.4995  875.4048
873.9359  875.7928
873.9402  876.0643
874.1975  876.2264
874.3028  876.2923
874.6100  876.3367
874.6430  876.2596
874.9750  876.4723
875.4315  877.1879
875.4810  877.3943
876.5423  878.0098
876.7813  878.1493
877.1308  878.7532
877.1345  878.8418
877.4046  879.2254
877.5787  879.5618
877.6727  880.0206
877.7168  879.8731
877.7520  879.7841
877.8476  879.9176
878.0726  880.0271
878.6112  880.2546
878.6181  880.3103
878.8709  880.3661
879.0740  880.5725
879.1485  880.8088
879.9500  881.5380
880.3501  881.8624
880.8029  882.6317
880.8536  882.7176
880.8636  882.7542
880.9722  883.0574
881.1504  882.8685
881.5233  883.1525
882.7684  884.3141
883.0621  884.7542
883.0877  884.6170
883.3051  884.6807
883.4880  885.2177
883.5434  885.5484
883.7156  885.2544
884.0352  885.4416
884.4163  885.9001
885.0523  886.5377
885.8936  887.4210
886.3290  887.9345
886.4018  888.0548
886.5155  888.1984
886.6906  888.2926
886.9649  888.5175
887.2433  888.8672
887.4166  889.1265
887.4183  889.2724
887.7516  889.4774
888.0985  890.0727
888.1248  890.1030
888.2704  890.3281
888.6585  890.4240
888.7583  890.7190
888.8550  890.6781
889.2761  891.3234
889.3616  891.5298
889.4530  891.5507
889.5175  891.7204
890.4160  891.9729
890.4427  892.1054
890.6522  892.1292
891.4364  893.0416
891.5919  893.2022
891.9496  893.5935
891.9722  893.7881
892.1029  894.2232
892.1529  894.3476
892.5480  894.5560
892.5698  894.6306
892.7617  894.7469
892.9209  894.8129
892.9563  894.7084
893.5787  895.2051
894.4749  896.0872
895.4064  896.9024
895.7407  897.3255
895.8621  897.4534
896.8448  898.2785
896.8711  898.4884
897.7171  899.3286
897.7292  899.2817
898.3647  899.9965
898.5422  900.3515
898.5984  900.3043
898.8430  900.3993
898.9669  900.5158
899.0288  900.8800
899.2338  900.8221
900.1938  901.6756
900.3471  901.8914
900.3898  902.1135
901.2134  902.7268
901.9432  903.9545
902.0882  904.3930
902.0900  904.4516
902.1076  904.3472
902.2059  904.4581
902.2705  904.8124
902.3121  904.5880
903.1175  905.2674
903.1640  905.0961
903.1855  905.2366
903.5845  905.4761
903.8350  906.2323
903.8782  906.0326
904.2046  906.4490
905.0550  906.5591
905.1541  906.7708
905.1624  906.9501
905.5825  907.0536
905.8470  907.4613
906.2544  907.7353
906.5565  908.3678
906.6495  908.2979
906.8733  908.7367
906.8927  908.5920
906.9055  908.6007
907.4768  909.2609
907.5195  909.1248
908.4039  909.8760
908.5544  910.1362
908.5837  910.5564
908.6643  910.5531
908.9005  910.7459
909.0855  910.9015
909.4937  911.0143
910.6820  912.1111
911.1995  913.1761
911.2310  913.0236
911.4820  913.4612
911.4835  913.3539
911.5314  913.5632
912.0606  913.7291
912.2689  913.9195
912.7994  914.5499
912.8375  914.4272
913.6110  915.1594
914.6870  916.0641
915.2630  916.6362
915.6244  917.3777
915.7097  917.5822
915.7133  917.7356
916.0499  918.1724
916.1241  918.2655
916.2723  918.4953
916.3667  918.4179
916.8081  918.4986
917.2874  918.6839
917.4397  919.1765
917.8911  919.5709
918.0975  919.8615
918.5123  920.1372
918.7764  920.3641
918.8980  920.5592
919.2600  920.6810
919.4130  920.7917
919.5937  921.2153
920.0192  921.5658
920.1529  922.1163
920.2389  922.1666
920.3740  922.6205
920.4090  922.3706
920.4630  922.4175
920.5032  922.7917
920.5050  922.8994
921.0313  922.9499
921.3110  923.1023
921.5371  923.1826
922.3733  923.9532
922.4158  924.3414
922.5077  924.4552
922.9608  924.5805
923.0333  924.6352
923.2688  924.7862
923.4291  924.9480
923.4839  925.0929
923.5767  925.1940
923.7108  925.4214
923.9550  925.4303
924.8656  926.6345
925.0839  926.8490
925.6033  927.0632
925.7965  927.3188
926.1354  927.6863
926.2611  927.8626
927.1865  928.7091
927.7621  929.4903
927.9294  929.5816
927.9344  929.6721
928.2750  929.7810
928.7030  930.4578
928.8434  930.3299
929.0870  930.5965
929.2193  931.0834
929.3643  931.3017
929.3789  931.2580
929.7107  931.4496
930.0221  931.7463
930.2157  931.9883
930.3568  932.4384
930.4256  932.4484
930.7713  932.5688
930.8777  932.7250
931.4460  932.8241
931.6011  933.5140
931.6219  933.6664
931.8087  934.1312
931.9501  934.1183
931.9795  934.0045
932.0378  934.0158
932.4280  934.1745
932.4637  934.2235
932.5552  934.3835
932.9799  934.5134
933.4333  935.2857
933.5756  935.3636
934.0858  935.5079
934.2005  935.7701
935.0126  936.6790
935.7660  937.3134
935.8395  937.5465
936.0049  937.7857
936.0701  937.9366
936.5093  938.9494
936.5470  939.0640
936.6272  939.5328
936.6511  939.3757
936.8405  939.8911
937.1735  939.7732
937.4256  940.0381
937.5879  939.8383
937.9469  939.8397
938.0540  940.0409
938.4433  939.9598
938.7208  940.3025
938.9953  940.6609
939.1063  940.8671
939.1919  940.7946
940.2758  941.9306
940.2851  941.9941
940.2879  942.0245
941.3463  942.9541
941.6072  943.3662
941.6713  943.2915
941.9455  943.6362
942.0061  943.9334
943.1577  944.9108
943.1830  944.7806
943.2877  945.3384
943.3912  945.3105
943.4842  945.2247
943.5101  945.3897
943.6098  945.6270
943.8502  945.5183
944.7916  946.2513
945.1033  946.7779
945.2469  946.6848
945.7329  947.2600
945.9262  947.3089
946.2944  947.9454
946.6787  948.3723
946.9081  948.6569
946.9797  948.9179
947.1565  948.7662
947.3383  949.1060
948.0701  949.5008
948.0822  949.7113
948.3379  949.9388
948.7795  950.4480
948.9257  950.5011
949.2648  950.8475
950.0752  952.0168
950.0999  952.1878
950.1416  952.4685
950.3010  952.5646
950.3504  952.6924
950.6450  953.0491
950.6515  952.8407
950.7571  953.1883
950.7808  953.1705
951.2611  953.2592
951.3199  953.3207
951.6486  953.5192
951.9399  953.9345
951.9715  953.9573
952.1059  953.8993
952.3263  954.3264
952.4331  954.4080
952.5604  954.7139
952.5605  954.7471
952.6508  954.9696
952.7327  955.2287
952.7737  955.0414
952.7926  955.1504
953.0645  955.1129
953.1198  955.2640
953.8353  955.5017
953.9097  955.9318
953.9525  956.0975
953.9601  956.2295
954.1286  956.4895
954.3703  956.5096
954.4781  956.8560
954.6172  956.8802
954.8854  957.1236
954.9170  956.9602
955.2883  957.5793
955.2957  957.3947
955.3283  957.3998
955.6320  957.6177
955.7200  957.8092
955.9618  957.9076
956.0316  958.1065
956.2919  958.5191
956.3434  958.5544
956.6821  958.6276
956.9776  958.6558
957.3616  958.8394
957.4942  959.2487
957.5580  959.3811
957.6669  959.6064
957.7384  959.8815
957.7656  959.6310
957.9903  959.8009
958.3743  959.9907
958.7586  960.5071
958.7866  960.6099
958.9659  961.0430
958.9895  961.1367
959.0461  961.1635
959.1542  961.3551
959.7330  961.4808
960.0694  961.6207
960.3885  961.9443
960.6183  962.1422
960.7830  962.2504
961.0434  962.7321
961.2871  963.0522
961.3250  963.0736
961.3981  962.9888
961.6967  963.2705
961.8255  963.4202
961.8650  963.7321
962.0198  963.6869
962.9310  964.5652
963.3337  964.9141
963.9010  965.4933
963.9626  965.7933
964.1044  965.9402
964.3154  965.8976
964.8987  966.3355
965.4863  966.9256
966.4069  967.8308
966.6171  968.1045
966.7816  968.1704
966.9434  968.6112
966.9638  968.6660
967.1104  969.1446
967.1371  969.1036
967.1617  969.3445
967.5409  969.7494
967.6143  969.5227
967.6511  969.7105
967.8611  969.9012
968.3196  970.0353
968.4063  970.1575
968.4237  970.3768
968.6885  970.1924
969.3129  970.8275
969.7591  971.8162
969.7876  971.6926
969.8080  971.9717
969.9421  972.0232
970.0867  972.1345
970.4183  972.3483
970.9314  972.3534
971.1979  972.9109
971.2940  972.9678
971.7568  974.3213
971.9750  974.7946
971.9889  975.0406
972.1138  975.3998
972.1933  975.3453
972.2027  975.1128
974.5347  975.9434
974.7317  976.3737
974.8946  976.6329
975.3434  976.8772
975.6102  977.2454
975.6991  977.5716
975.7345  977.5075
975.8927  977.8552
976.5244  978.3395
976.5612  978.5835
976.7370  978.4633
976.8505  978.6872
977.1738  978.8928
977.4214  979.1244
977.5486  979.4883
977.7493  979.4249
978.1215  979.9721
978.1650  980.2125
978.3239  980.3348
978.4128  980.7651
978.4257  980.8109
978.5037  980.8284
978.5629  980.9942
978.8030  981.1632
979.2027  981.2301
979.2702  980.9746
979.5906  981.2536
979.7675  981.3250
980.6851  982.3254
980.7100  982.4020
980.8631  982.6673
981.1951  982.7726
981.3264  983.1278
981.3268  983.0928
981.4575  983.5658
981.6170  983.4021
981.6290  983.6958
981.7114  983.7874
982.1737  983.9654
983.0147  984.5464
983.1493  984.4935
984.1085  985.7962
984.2150  986.0377
984.3645  986.5724
984.4540  986.8270
984.6050  987.1594
984.6238  987.4151
984.6638  987.2143
984.6889  987.3329
984.7551  987.5938
984.9068  987.5183
985.0714  987.4703
985.1960  987.6546
985.9180  988.3659
986.1396  988.2193
986.3444  988.5022
986.4421  988.3929
987.0028  988.5927
987.4711  988.9902
987.7827  989.3357
988.0830  989.8211
988.1295  989.7368
989.1241  990.6291
989.3315  990.8989
989.5374  991.1212
989.8826  991.5065
990.6462  992.1202
990.8261  992.2667
990.8910  992.4179
991.1210  992.6018
991.2355  992.8393
991.3998  993.1487
991.6359  993.0132
992.6750  994.2800
992.9061  994.4154
993.0068  995.0776
993.0705  994.7808
993.3054  994.8513
993.8910  995.4646
995.1726  996.7392
995.6767  997.2960
996.9183  998.6870
996.9407  998.6397
997.1891  998.9376
997.2475  999.0652
997.3258  999.1662
997.9740  999.5456
998.1327  999.8517
998.2016  999.6977
998.3476  1000.1092
998.3628  1000.0073
998.7296  1000.3188
998.9791  1000.3490
