1.5306  4.2241
2.5137  5.0737
2.9379  5.4208
5.0432  6.9223
5.4892  8.1759
5.5532  8.2933
5.8253  9.0350
6.0208  9.0967
7.0744  10.3146
7.6705  11.1095
7.9231  11.7507
8.3485  12.5197
8.5090  12.7754
8.6406  12.9570
8.6825  13.1184
8.8388  13.2664
9.9250  14.5933
10.3752  14.9223
11.8911  16.3965
12.7246  16.9786
12.7818  16.8613
13.7225  17.2809
14.6577  18.0949
14.8255  18.1603
15.6727  19.8444
15.8593  19.9697
15.9428  20.1594
17.4036  20.5419
17.6816  20.5165
20.0456  21.7566
21.1436  22.7768
21.5661  23.0950
21.9880  23.8688
22.4969  24.1603
22.9080  24.9653
23.8838  25.6795
24.0608  25.8726
24.9332  27.0506
25.4977  27.3204
27.3609  29.8909
27.6758  30.0626
27.7095  30.1616
28.0533  30.2765
29.1824  30.8072
29.8728  32.0085
30.0994  32.8538
30.2318  33.2136
30.9222  33.4880
31.5380  33.7923
32.0026  34.1855
32.4433  34.4838
33.4277  36.2471
33.8001  36.5823
33.9825  36.6010
36.3125  39.3850
36.8151  40.0009
37.7811  40.1104
41.5871  43.3413
42.8173  44.6350
43.6105  47.2264
43.8147  47.3495
43.9546  47.5266
44.4690  47.9927
44.5971  48.0546
44.9006  48.4202
45.7948  49.6846
46.8717  51.3147
47.2992  51.8089
47.7334  52.1843
48.1001  52.5646
49.7204  53.9669
49.8748  54.0194
50.4281  54.3021
51.0085  54.6484
51.3142  54.7865
53.0122  55.5286
53.8084  55.7290
55.0128  56.7495
55.4345  57.2232
55.5205  57.3220
56.0684  57.6479
56.4145  59.7018
56.6193  60.3490
56.9001  61.0561
57.4486  62.3333
57.7766  62.8219
57.8422  63.0288
58.1137  63.4627
58.5760  63.9485
59.0051  64.2660
59.0149  64.3182
59.0892  64.5178
60.7985  65.1132
60.9119  65.2538
61.1418  65.1566
61.9205  65.5680
62.6789  65.8859
64.9771  68.6168
65.0710  68.6848
65.4208  68.9113
66.0272  69.1460
68.6653  70.1828
71.7415  73.8218
73.5160  75.6589
74.4799  76.4422
74.6495  76.8888
76.4372  78.0997
76.6643  78.6245
77.9985  79.8926
78.5639  80.7648
78.6243  80.8531
80.9426  82.7788
81.9651  83.7261
82.5369  84.5459
82.6918  84.7044
83.8691  86.2927
86.5337  89.7095
86.5805  89.7646
86.5939  89.8179
86.8752  90.1785
87.3141  90.5933
89.3283  91.3122
90.6271  92.7919
92.1472  93.8625
92.1980  94.1024
92.5198  94.3382
92.7057  94.5748
93.9844  95.8661
94.3651  96.3700
94.9312  96.5819
96.0950  98.1427
96.7512  98.5532
97.4466  99.0956
97.9105  100.2755
97.9416  100.2724
98.0744  100.6666
98.5144  101.5486
98.5228  101.5100
99.5135  102.1141
100.2521  102.1774
104.5224  106.2332
104.8451  107.4906
104.8467  107.4384
105.1082  108.0416
105.1668  108.1423
108.0856  109.7519
110.0751  111.6959
110.7781  112.4660
111.5379  113.3916
113.6799  115.2285
114.8165  116.6697
115.9374  118.5231
116.2915  118.9461
116.4482  119.1041
116.9754  119.4639
119.5069  121.9260
123.3074  125.6293
126.4704  128.1776
126.7810  128.8318
126.8363  128.8024
128.4632  130.2579
128.5245  130.6764
129.4520  131.0487
129.6619  131.4405
130.0849  132.2463
130.0893  132.1977
130.5816  132.4052
130.9915  132.6723
131.1528  133.0255
131.4968  133.2473
132.1287  134.4161
132.2991  134.4570
132.7389  134.8106
133.9249  135.8279
134.5868  136.7554
134.7871  136.8904
135.1467  137.8445
135.2540  137.9050
135.9928  138.4217
137.7475  139.5121
137.9610  139.6685
138.2728  140.0142
138.6918  140.4097
138.7889  140.4537
139.1207  140.8994
140.4703  142.1603
142.8266  144.8313
143.8367  146.0684
144.4126  146.2361
145.2556  147.4823
145.3977  147.7370
145.8435  147.8979
149.3390  152.2508
149.6208  152.9876
149.7578  153.3936
149.9732  153.7244
150.0777  153.8975
150.9162  154.3801
151.5164  154.4807
153.1714  155.6912
153.3435  156.0090
154.6552  156.6043
155.7788  158.8410
155.8177  158.6564
156.8496  160.3640
157.6846  161.7027
157.9835  161.6366
159.5880  161.9554
160.6217  162.9181
160.7378  162.9022
161.9340  163.5831
162.1709  164.0121
162.4443  164.4729
163.4685  165.4196
163.8084  165.9275
164.3005  166.8579
164.3544  166.9496
164.5509  167.0192
165.7109  168.4610
165.9836  168.6447
167.0733  169.1763
168.5445  170.1683
169.1562  171.0881
169.2832  172.0736
170.2533  172.3419
171.1650  172.9498
173.4783  175.2709
174.0415  175.9618
174.1757  176.4483
174.2086  176.6394
174.2173  176.6831
176.0636  177.6400
178.7289  180.4890
179.9854  182.2064
180.0183  182.5355
180.2602  183.7325
180.3549  183.8845
180.7610  184.3217
180.8373  184.3128
180.9056  184.3709
181.0214  184.3443
182.8114  184.7423
183.4177  186.2586
183.4462  186.1337
183.5056  186.1955
184.0360  186.5848
184.3921  187.1449
185.0885  187.4792
185.2461  187.7214
186.2083  188.5323
187.0880  189.1689
187.7239  190.0074
187.8629  190.0193
189.2264  191.2319
189.4664  191.4199
189.7203  191.7236
190.0535  192.3304
190.5830  192.8990
191.6268  193.7566
193.0462  195.4858
193.3292  195.6697
193.9215  195.9282
194.6477  196.5984
195.0163  197.0735
195.2961  197.2777
195.6757  198.0368
195.7662  198.2638
196.9567  199.1236
197.0104  199.1234
198.1974  200.1933
198.2022  200.1606
199.4781  201.4044
199.8142  201.9795
199.8432  202.0972
199.8691  202.1843
200.5741  203.6421
200.6503  203.8373
200.7392  203.8918
200.9177  204.2539
201.1526  204.3081
201.5006  204.5066
203.7103  205.5260
204.3119  206.3743
204.3172  206.5190
204.5346  206.4311
205.1329  206.9611
205.6949  207.4791
207.6134  209.4358
209.7431  211.3977
211.0920  212.7324
212.7767  214.6884
213.0203  214.8378
213.5538  215.3185
214.6924  216.8175
214.6924  216.9383
215.3757  217.8873
215.8316  218.2050
218.2525  219.9535
218.6134  220.9773
219.3908  222.1794
219.4208  222.2245
220.5557  223.2123
220.5654  223.0485
221.9044  223.5433
223.2553  225.2204
223.2811  225.3373
223.5289  225.7678
225.1016  226.9288
225.8102  228.2899
226.0831  228.6985
226.8933  229.4438
228.0963  230.0233
229.4614  231.4167
229.5354  231.5397
230.4388  232.1985
231.3825  233.7697
231.6195  233.6921
232.0185  234.0211
234.7243  236.3953
238.2476  240.1958
238.8522  240.8598
240.1433  241.8945
240.2511  242.4337
240.2814  242.3404
241.0934  243.6816
241.1310  243.5982
241.2395  243.9662
242.1998  244.6112
244.1764  245.8407
247.0391  249.3164
248.8440  250.9805
249.6853  251.8578
249.9957  252.3420
250.7115  252.9860
251.7413  253.7008
252.9411  255.6299
255.6503  257.3825
255.8999  257.5164
256.1748  258.8764
256.7592  259.2019
257.7006  259.4506
258.3162  259.9901
258.9753  260.6362
262.3082  264.1458
264.9356  266.5163
265.9210  269.1803
266.1666  269.5333
266.5152  269.7317
266.5668  269.9206
267.9904  270.8128
268.6725  271.4095
269.6922  271.6337
270.4243  272.2948
270.5049  272.3226
270.8418  272.7225
271.8515  273.7971
272.6433  274.5487
273.6696  275.2180
275.7078  277.5932
276.5728  278.9387
277.7064  279.4285
279.5408  282.1059
280.2000  282.3551
281.6179  283.6724
282.7545  284.3715
283.2909  285.2021
283.6172  285.1982
285.2092  287.4286
285.2343  287.4527
285.3272  287.9326
285.7231  288.9867
286.2509  289.1017
286.3847  289.5032
286.8399  289.5424
288.3147  290.1462
288.5520  291.0624
288.8556  291.2375
289.7488  292.0257
290.2287  292.4555
290.3989  292.5590
291.8349  293.6122
295.2986  297.3556
295.7506  297.8250
295.7812  297.7991
295.8171  297.9679
298.7312  300.5330
299.2439  301.3089
299.5685  301.2946
300.9744  304.3663
301.0983  304.6221
301.3291  304.7911
301.4655  305.1071
301.5072  305.1556
302.8287  306.3392
303.4572  306.8445
303.6618  307.0888
305.5713  308.4342
305.5730  308.2564
305.7245  308.5466
306.4573  308.7590
306.9513  308.8690
308.0018  309.9734
308.1890  310.5372
311.4119  313.0817
312.6466  314.4550
312.8862  314.6269
315.3930  317.7533
315.7178  318.4906
317.7785  319.4475
317.9533  320.0198
318.4763  320.6946
318.9260  321.0854
319.3658  321.7646
319.3838  321.6316
320.5467  322.0388
321.1721  324.1864
322.9696  325.6530
323.9280  326.4884
324.2438  327.1248
325.0321  328.8682
325.3648  329.4737
329.6636  332.2182
330.6118  332.3948
331.4761  333.4718
331.5732  333.9287
331.7777  334.3134
332.2407  334.9026
333.0185  335.9794
333.3566  336.1941
333.4269  336.4333
333.5303  336.6241
334.7014  337.0579
337.1768  339.9867
337.8403  340.2989
338.9835  340.6033
339.7626  342.7999
340.0407  342.9141
340.5749  343.2902
342.3144  344.1594
343.1054  344.7325
343.7795  345.8480
344.0544  345.9673
344.2590  346.8137
344.4443  347.0698
344.7337  347.1196
345.9775  348.0991
346.2792  348.9768
346.4646  349.0817
346.6835  349.0302
348.4883  350.2207
348.6311  350.5777
349.6010  351.5997
349.6944  351.7119
349.8252  351.7698
351.0001  352.5969
351.2452  354.3602
351.4896  355.3225
351.5366  355.2728
351.7145  355.7693
351.8987  355.9425
352.5438  357.2158
352.9873  358.3994
353.0302  358.6417
353.0994  358.7569
354.6503  360.0311
355.1904  360.5977
356.1440  360.9816
356.4351  361.0616
357.5676  361.4552
359.1925  362.4017
359.8138  362.7392
360.3763  363.1969
360.6682  363.2791
361.8012  363.6703
361.9273  364.1567
362.0191  364.6315
363.7207  365.5209
364.2575  365.8317
366.2059  368.5801
366.3213  368.4727
367.5181  369.1420
368.2163  370.3881
368.8304  371.8835
368.8973  372.0354
369.3232  372.3648
369.7520  373.0025
369.8753  373.1618
371.1523  374.5703
372.0268  375.3247
373.0478  376.0794
374.3501  377.3318
376.2369  378.5436
376.2767  378.7371
379.3708  381.5098
379.5262  381.7975
382.9254  384.7637
384.1974  386.5158
386.3555  388.2786
386.5538  388.7759
386.6855  388.7035
388.2532  389.8287
388.8020  390.3602
390.6740  392.4633
391.1846  393.3435
391.7945  393.4480
392.5721  394.7177
392.7241  394.5404
393.5064  395.1160
394.0226  396.2024
394.5987  396.4705
394.9157  396.7153
395.2006  396.9833
396.2261  397.9010
396.8684  398.9151
396.9006  399.2054
397.2819  400.2785
397.3282  400.4011
397.3445  400.3510
398.1380  400.6290
398.5829  400.6978
399.2818  400.8412
399.8522  401.4912
400.0324  401.7632
401.9795  404.0298
402.1240  404.2179
403.1014  405.0675
404.5423  406.4326
405.1802  407.0559
405.4192  407.2456
406.4833  408.1693
406.9990  409.8244
407.0591  409.7931
409.1294  411.0956
409.3327  411.2991
410.5349  412.4128
412.1322  414.5666
412.1378  414.7258
412.2617  414.6237
414.1861  416.5343
414.3363  416.9482
416.1585  417.9610
416.2860  418.3637
416.4703  418.6852
416.6755  419.4388
416.6913  419.6199
416.9845  419.7102
418.5353  420.4285
419.0770  420.8185
419.4624  421.6054
419.9318  421.8186
422.9744  425.0146
423.1041  425.6975
423.6134  426.3468
423.7726  426.6429
424.1861  426.9111
424.2812  427.0473
424.4008  427.1512
425.4141  427.6069
425.4422  427.6690
426.6754  428.5211
427.7581  429.5787
428.1909  430.6114
428.2789  430.7460
429.1491  430.8708
430.4011  432.0007
430.5342  432.2336
430.9306  432.8581
431.9007  433.9049
433.2115  436.6190
433.3121  436.7227
434.2407  437.6238
434.5569  437.7641
436.0926  438.0019
437.3349  440.2405
437.4007  440.2274
438.2622  441.4808
438.4222  441.6158
438.7032  441.9789
439.5508  442.1787
443.5892  445.4402
443.9484  445.7048
444.4938  446.3277
444.9862  446.9453
445.4077  448.1607
445.6248  448.5928
445.6578  448.4772
446.0633  448.9106
446.3190  449.0719
447.5129  449.8988
447.7142  449.8814
450.2585  452.0943
450.3086  452.3333
452.0824  454.2415
452.9886  455.2132
453.7375  456.8868
453.9152  456.9961
456.2398  457.9284
459.8718  461.4547
462.8137  464.5787
463.5370  465.1437
465.5597  467.3100
465.7423  467.7462
466.1256  468.1969
466.1651  468.2702
467.8238  469.8373
468.2221  470.8413
468.3159  470.8825
469.5668  472.3060
471.3107  473.1135
471.8402  474.0935
471.9473  474.3935
473.2738  475.1935
473.4988  475.3513
474.4383  477.1948
476.3273  478.5661
476.6027  479.0828
477.1560  479.5858
477.8371  479.8946
479.0155  481.1844
479.3729  481.7598
481.6844  483.6165
482.4262  484.9061
482.5138  485.0689
483.0487  485.3046
485.3528  488.2558
486.3485  489.2151
486.6349  489.4031
486.8083  489.7018
487.6701  490.7185
487.6834  490.6964
488.9656  491.9183
489.0803  491.8524
489.4069  491.9264
491.0709  492.9907
492.0948  494.5748
493.4780  495.3087
495.7508  497.4331
496.0210  497.6254
497.3252  499.0783
498.7614  500.9407
499.6199  501.2645
500.0659  501.8346
501.9009  503.6858
503.1385  505.0140
504.1010  506.1487
504.4592  506.6053
505.7945  507.7118
506.9893  509.0764
507.3306  509.3583
508.8307  511.0574
510.2806  511.9161
511.2307  513.2229
511.3443  513.8752
511.4788  514.1196
512.1330  515.0918
513.9665  515.6323
514.7833  516.5068
515.4060  517.5912
515.4691  517.6197
515.6640  518.0303
517.8827  520.2853
517.9465  520.7215
517.9887  521.0818
518.1775  521.4895
518.2408  521.7529
518.2953  521.8511
518.3296  521.9819
519.4611  522.8053
519.8448  523.0526
520.6725  523.5998
521.3779  524.5293
522.3929  525.8098
523.2076  526.4235
524.2371  526.6343
525.1862  527.4379
525.3108  528.2293
525.4707  529.0238
525.7291  529.6263
525.9576  530.2827
526.4735  531.2669
527.8044  532.4634
528.2218  532.8513
528.6025  533.1551
528.8411  533.2666
529.2054  533.4747
529.2089  533.4130
532.1786  535.1539
532.3100  535.1086
532.7575  535.2867
533.0382  535.4397
534.7244  537.7909
535.2715  538.6431
536.1241  539.7269
536.1658  539.7511
536.2528  539.7567
536.7063  540.2792
539.1263  544.6578
539.6645  545.5587
539.7316  545.5339
541.8604  547.3063
541.8709  547.1942
542.1631  547.4485
542.8460  547.8572
544.1000  548.8397
544.3673  549.0577
545.1691  549.7800
545.8387  550.6147
546.1887  551.1390
546.2558  551.1272
546.4287  551.2836
546.7359  551.6188
547.3673  552.1792
547.5116  552.4254
547.6720  552.7326
547.9487  552.8883
547.9607  552.7305
550.0526  554.1370
550.2768  554.3242
551.2296  554.6577
551.3523  554.9144
551.7405  554.9940
552.6376  556.2584
552.7325  556.3634
553.5165  557.7968
553.6414  558.0558
553.8501  558.4542
553.9894  558.4978
554.1298  558.4842
555.5877  559.2293
557.9241  559.6502
558.3633  560.5300
558.3748  560.4751
559.3695  561.2204
559.4964  561.1565
562.8978  565.5740
562.9004  565.5578
563.3568  566.2214
563.7948  566.3730
564.0509  566.5824
565.2229  566.9303
566.2051  568.0431
566.2737  568.2540
566.4575  568.5314
566.6188  568.6165
567.0078  568.8560
567.4912  569.1705
567.6274  569.3525
569.3868  571.1617
569.8389  571.7874
570.2064  572.1411
570.7992  573.2335
571.1039  573.9592
571.9735  576.6564
572.1944  577.4020
572.7643  578.6006
572.8559  578.7532
573.6969  580.6434
573.8427  580.9316
574.3983  581.5552
574.4002  581.4998
574.6243  581.8330
577.6688  583.0973
579.2374  583.5844
579.8067  583.7592
580.4116  584.1443
582.3412  584.6863
583.5802  586.6527
583.8955  587.2126
585.2248  588.7789
585.6789  589.1997
586.3777  589.8179
587.7194  590.4276
588.5284  590.9154
590.1901  591.7430
590.8632  594.2259
592.1988  595.2737
592.7814  595.8380
593.8542  596.8895
593.9452  597.1836
595.1913  597.4300
598.1599  600.1127
598.1968  600.1761
599.8157  602.7487
599.9538  602.7225
600.8220  602.8927
602.6848  604.3813
603.1108  605.0258
606.5319  608.3678
606.6688  608.2653
610.5823  612.5148
611.0975  612.8427
611.3485  612.9712
612.5438  614.6056
614.2629  616.0036
615.4754  617.2795
616.7731  618.2649
617.0544  618.7235
617.7360  620.6967
617.8595  620.8357
618.2969  620.8196
620.8412  622.5970
621.1121  622.6201
621.3825  623.6034
622.2149  624.1868
622.9676  624.8402
624.0949  627.1631
624.2328  627.7846
624.3367  628.1581
626.0936  629.0520
627.5475  629.5425
627.7552  629.7628
629.5267  631.2224
629.8019  631.7672
630.1048  631.9867
631.1887  633.1883
631.4178  633.1994
632.8656  634.6416
633.9959  636.5711
634.2463  636.8961
634.7126  637.5110
634.9527  638.1213
635.7996  638.1045
637.6996  639.6881
638.3658  640.1841
639.8796  642.1907
642.4061  644.4538
643.1358  646.0099
644.8068  646.4731
647.0412  648.8037
647.6102  649.6997
647.7558  649.9536
648.7437  651.0780
650.2690  652.6548
650.4414  652.9292
650.5062  652.9830
652.2648  654.9863
652.4317  655.2457
652.6989  655.4261
653.8566  655.6809
655.5305  657.3029
656.3262  658.0930
657.2201  659.9567
657.2604  659.8629
658.1003  660.7603
658.4967  661.3064
658.7984  661.5404
659.1538  661.9899
660.0994  662.8564
660.1982  662.7611
661.7005  663.4720
662.1517  663.9829
662.1732  663.9542
663.3208  665.0707
663.8402  665.5592
664.9548  667.1173
667.5082  669.3650
668.3009  670.5422
668.3975  671.0504
668.4697  671.2437
668.6526  671.1807
669.1773  671.3058
670.3506  672.3991
670.9949  672.6152
671.9380  673.6849
672.2097  673.9550
672.6132  674.3516
672.9910  674.8635
673.1775  675.3444
673.2840  675.4132
674.8884  677.1040
676.2409  678.0428
677.4629  679.2666
678.3882  679.9316
678.7306  680.4074
679.2320  680.7839
681.7764  684.5135
681.9004  684.7262
682.8051  686.3945
683.2724  687.1272
684.4181  689.0592
685.6898  690.7014
686.7142  691.2571
687.2832  691.6806
688.2075  692.0751
688.2747  691.9371
689.7434  692.8319
689.7601  692.6245
691.1468  693.7391
691.4826  694.0685
693.2782  696.5074
693.2899  696.8288
693.3400  696.7429
693.4968  697.0595
694.5436  698.8379
694.8722  699.1258
695.3192  699.6839
695.5153  699.9104
695.8998  700.5114
696.1745  700.7594
696.2907  700.9608
696.7333  701.1831
696.9469  701.6094
697.0484  701.4453
697.1332  701.5639
698.2866  702.1772
699.7189  702.6325
699.9735  702.6599
701.4100  702.9633
703.1071  705.3142
704.3648  706.0766
705.5220  707.7082
706.0813  708.9110
706.2342  709.0750
706.5766  709.1691
707.9568  709.8114
708.1762  710.0499
708.8532  711.6505
709.5476  712.1280
710.8195  713.0044
711.1025  713.6062
711.3366  714.1633
712.2240  715.1951
712.7113  716.0409
713.4523  717.4589
713.4564  717.4504
714.0349  718.0721
714.3781  718.4842
714.5944  718.6601
714.9533  718.6407
716.8608  719.2996
717.4502  719.7252
718.4408  720.1572
720.2901  721.9853
720.5493  722.1133
723.8468  725.5759
724.3666  726.4458
724.7653  726.8272
725.4245  727.5268
725.5253  728.1808
725.6271  728.5084
725.7351  728.5998
725.7938  728.5345
727.6922  730.5875
727.9103  730.6843
728.2045  730.9951
728.9523  731.7779
729.6231  732.1033
730.6847  732.5522
732.2086  733.7656
732.8018  734.4700
733.7861  736.1047
733.7982  736.1524
735.4493  737.5666
736.2241  738.3991
736.4149  738.6833
736.7078  739.4345
736.9868  739.9462
737.4031  740.6155
737.9478  740.7711
739.2231  741.1498
740.2773  741.9938
741.3095  743.0577
746.5253  748.1077
746.9843  749.0685
749.2007  751.2477
749.6996  751.4856
750.8402  752.4217
751.5800  753.9307
751.9335  754.0640
754.0262  755.9505
756.1040  757.8339
756.7354  758.2806
757.2979  760.1059
758.9242  760.5811
759.6010  761.4629
759.7638  761.5102
760.2905  761.9340
762.6608  764.3555
763.6260  765.6846
764.6617  766.4903
765.6947  767.5060
766.6030  768.4564
766.6631  768.8662
767.1521  769.2684
767.3598  769.5363
768.5734  770.4616
768.8282  771.0496
771.2167  772.8744
771.5492  773.5795
771.7618  774.1015
771.8344  774.0980
772.2223  774.5924
772.5203  774.9447
772.6493  775.1714
773.0344  775.0015
774.4614  776.5301
774.7588  776.5415
775.9887  777.8199
776.5983  778.4566
781.1105  783.1348
782.1100  784.8069
783.3770  784.9895
784.0646  785.7102
785.0384  786.9702
785.2601  787.9795
785.6195  788.7940
785.6623  788.8272
785.7474  788.8337
786.6558  790.0763
787.3997  790.5030
787.6365  790.6461
787.8187  790.7390
789.1780  792.0070
789.5070  792.1864
790.6650  792.7366
791.2250  793.0168
791.6576  793.7812
792.9313  794.7697
793.2604  795.2233
793.8659  795.6363
795.5544  797.1789
798.0915  800.0829
798.7280  800.3614
799.1690  800.9195
800.0413  801.8090
800.4562  802.5145
801.1452  804.7994
801.4721  805.2933
801.4841  805.3532
803.4229  805.9916
804.3328  806.4085
804.5958  806.4691
807.0810  809.4117
807.4824  810.0193
809.1679  811.4407
809.9900  812.2235
810.3905  812.8788
812.0875  814.5651
812.4616  814.7611
812.7767  814.8749
814.5231  816.0841
816.2914  818.1805
816.5357  818.5616
817.5230  819.6621
817.8747  819.7139
818.6539  821.1801
819.1460  821.5510
819.2795  821.7427
821.1048  822.8839
821.3691  823.2958
822.6663  824.7812
824.6042  826.9026
824.7539  827.1656
826.0878  828.0770
826.3663  829.0740
826.6540  829.4761
827.1374  829.8179
827.8451  830.0512
827.9240  829.9807
828.9906  830.8597
829.8728  831.7953
830.5066  832.4906
830.7866  833.7211
831.2723  834.5469
831.4149  834.7979
833.4257  835.2167
834.3066  836.2812
835.1445  837.2168
835.2559  837.4586
835.4806  837.4440
835.8458  837.6016
836.6709  838.4854
837.8309  839.5077
838.4251  840.3319
838.4739  840.5918
838.8486  841.1231
838.9831  841.3165
839.6249  842.2274
841.3863  843.9472
841.5604  844.0107
842.7632  844.7239
843.3567  845.2997
843.4112  845.1423
844.7185  846.4221
845.1086  846.7813
845.5411  847.9065
845.6104  848.2468
846.1707  848.5118
846.7942  849.3345
846.8807  849.5018
846.9276  849.8016
846.9279  849.7402
848.0169  850.6018
848.5086  851.6906
848.7371  852.0850
849.3416  852.5302
849.5920  852.6099
850.3844  853.0760
850.4030  853.1334
853.7655  855.5736
854.3014  857.1970
854.8548  858.6164
855.5053  859.2370
856.2855  859.7297
856.3145  859.6615
857.4249  860.0804
862.2258  863.9142
863.1941  866.0908
863.2167  865.8370
863.5937  866.4953
863.8312  866.8993
863.8402  866.7559
864.1291  866.8411
865.6593  867.3492
865.8333  867.3889
866.1057  867.7840
866.8799  868.6356
866.9858  869.0693
867.4486  869.8875
867.8639  870.9539
867.9620  871.1281
867.9866  871.3641
868.2077  871.3333
869.2299  872.1471
869.8715  872.9284
870.2921  873.0983
871.4618  873.8039
872.6884  875.1967
873.2831  875.7718
873.7442  876.0088
873.9863  876.1375
875.4383  877.7803
875.7420  878.3608
875.8139  878.5408
875.9688  878.8480
876.9671  879.4654
877.9758  880.1395
878.9114  881.1365
879.4148  881.3194
880.2618  881.9832
881.3155  883.1357
882.6372  884.4622
885.0390  887.3022
885.0794  887.4385
885.8092  888.1838
886.1284  888.5705
887.1678  889.1027
887.5764  889.6037
887.7717  889.6050
887.9409  889.9328
889.6359  891.3085
890.0512  892.3682
890.1078  892.5672
890.1308  892.6475
890.1868  892.6459
891.4529  893.2412
891.8824  893.9392
893.1042  895.0468
893.1560  895.4511
893.3833  895.9091
893.5181  895.8429
895.6547  897.4017
896.4568  897.9600
897.3180  899.2797
897.9946  899.7537
900.0401  901.9898
901.3537  902.8572
902.5327  904.3437
902.9968  904.7974
903.9011  906.2605
903.9795  906.2665
905.6404  908.1141
907.1996  909.1355
908.8449  910.5044
909.6406  912.0441
909.7400  912.4262
910.0086  912.8167
910.4533  913.2247
910.7446  913.3618
911.0220  913.5543
912.0138  914.0929
912.0384  914.2136
912.1084  914.3949
914.3584  916.4788
914.4011  916.4109
915.7239  917.2098
916.1650  917.8066
917.9774  919.6116
919.3944  921.5741
921.0058  922.6335
921.1522  922.9882
921.4680  923.0314
922.2196  924.3238
922.7261  924.9745
922.7767  925.2029
923.0853  925.3941
923.8901  926.0857
923.9729  925.9373
924.0092  925.9603
925.2083  928.2765
925.3541  928.6625
925.7270  929.3031
925.9773  929.5057
927.0555  931.1998
927.1488  931.1602
927.8460  932.1722
927.9825  932.2990
928.3844  933.0312
928.5103  933.0995
929.3883  933.8865
929.9094  934.4699
930.5021  934.7780
930.7897  935.0236
936.2916  937.8962
936.7681  939.1679
936.8487  939.4342
936.8797  939.2808
937.0173  939.5356
938.9488  941.0431
939.5757  941.7489
941.0639  942.8877
941.2845  943.1032
941.3775  943.3660
943.7966  946.4045
944.0934  946.5554
944.1727  946.7049
944.9651  947.6870
944.9716  947.6582
945.8746  948.0674
946.8597  949.1559
946.9043  949.2510
948.0357  949.7955
948.4928  950.1183
950.7193  953.1115
953.4092  955.3885
953.6514  956.5428
953.7244  956.9799
953.9640  957.4826
954.6339  958.1161
954.8228  958.2300
957.2559  959.7800
957.2618  959.8584
958.1190  959.9051
958.8513  961.2827
958.9610  961.8393
959.1733  962.1742
959.7999  963.4134
960.0622  963.6018
960.4669  963.9937
960.5913  964.1936
960.7719  964.3834
961.6360  965.1675
961.7224  965.0700
962.9901  966.2691
963.4749  966.8903
964.6598  967.9325
964.8623  968.3653
965.1321  968.5000
967.1032  969.5544
969.1692  970.9339
970.5254  972.5435
971.8633  974.1454
971.9313  974.4316
972.6192  974.4363
973.2184  975.1665
973.4236  975.7189
973.7926  976.4803
974.0553  976.8731
974.5623  977.3690
975.5966  978.0908
976.0222  978.5024
976.0518  978.4556
976.4127  978.6539
978.0971  979.8518
979.6130  981.2472
980.0376  981.9835
981.2235  984.1326
981.5465  984.2125
982.7158  984.5206
983.5982  985.1768
984.8515  986.4321
986.0583  987.7327
988.2985  990.2692
988.9692  990.6601
990.4218  992.3146
991.2349  993.0140
991.3454  993.1131
991.6831  993.9724
993.1337  994.9583
993.2892  995.0906
994.4041  996.2988
994.4663  996.2004
998.2830  999.9291
