1.4864  3.7439
2.4412  4.8138
2.8532  4.9883
2.9357  5.0521
4.7551  6.2876
4.8977  6.4971
5.3308  7.7396
5.3931  8.0059
5.6573  8.3894
5.8471  8.4833
6.8704  9.2716
7.4492  10.1187
7.6946  10.2804
8.1077  11.1358
8.2636  11.5422
8.3913  11.7901
8.4320  11.6262
8.5838  12.0227
9.6387  12.8398
9.6553  12.9218
10.0759  13.2059
11.5481  13.8177
11.7541  14.2541
12.3576  15.2530
12.4130  15.3064
13.3267  15.4182
14.2349  16.0731
14.3979  16.0171
15.2206  17.1102
15.3875  18.6140
15.4018  18.6938
15.4829  18.6193
16.9016  19.2733
17.1716  19.4015
19.4674  20.9466
20.5337  22.0364
20.9440  22.5303
21.3538  23.0602
21.8480  23.6212
22.2472  24.3288
23.1948  24.8534
23.3668  25.0244
24.2140  26.1019
24.7622  26.5831
26.4533  28.6453
26.5716  28.8231
26.8774  29.0619
26.9102  28.9391
27.2440  29.0902
28.3406  29.9811
29.0111  30.9687
29.1242  31.4154
29.2312  31.8294
29.3435  31.8792
29.3597  31.9006
30.0302  32.1605
30.6283  32.2415
31.0794  32.5828
31.2348  32.9253
31.5074  33.2142
32.4634  34.9734
32.8251  35.4622
33.0023  35.3986
35.2650  38.1334
35.7532  38.3590
36.6912  38.8683
40.3874  41.8479
41.5822  43.3384
41.9384  44.0982
42.3525  45.5750
42.5508  45.8032
42.6867  45.6205
43.1862  46.0954
43.3106  46.0138
43.6054  46.1528
44.4738  47.1375
45.2746  48.5494
45.5197  48.8568
45.9348  49.1286
46.3564  49.6753
46.7126  49.9747
48.2861  50.8508
48.4361  50.9518
48.9734  51.1952
49.5371  51.7153
49.8340  52.0660
51.4830  53.1778
52.2562  53.7014
53.4259  55.0430
53.8354  55.5954
53.9190  55.5055
54.4510  56.0837
54.7872  57.6820
54.9860  57.9650
55.2588  58.4449
55.7914  59.7700
56.1100  60.3384
56.1737  60.2196
56.4374  60.5404
56.8863  61.2927
57.3030  61.7082
57.3126  61.6535
57.3847  61.8354
58.7127  62.1530
59.0447  62.3988
59.1548  62.3472
59.3781  62.4529
60.1343  62.7262
60.8709  62.9320
62.5722  64.6920
62.5841  64.7595
63.1028  65.4603
63.1939  65.8205
63.5337  65.9707
64.1226  66.2825
66.6845  68.2968
69.6720  71.5595
69.7031  71.4489
71.3954  73.1777
72.3314  74.0737
72.4962  74.4809
72.7565  74.5457
73.0623  74.6282
73.2641  75.1303
74.2323  75.8838
74.4528  76.1849
74.6411  76.3409
75.1848  76.7858
75.7485  77.3439
76.2976  78.2155
76.3563  78.4367
78.6077  80.2473
79.6007  81.3031
80.1560  81.9695
80.3065  82.1184
81.4498  83.5799
82.8247  84.3145
84.0375  86.8195
84.0830  87.0150
84.0960  86.9030
84.3692  87.5154
84.7955  87.5811
86.7515  88.5885
88.0128  89.9129
88.0481  89.8542
89.4891  91.2263
89.5384  91.3963
89.8510  91.6288
90.0315  91.6802
91.2733  92.9496
91.6431  93.6848
92.1928  93.7442
92.8667  94.7834
93.3231  95.1816
93.9603  95.4715
94.6356  96.1765
95.0862  97.1504
95.1163  97.2225
95.2453  97.6497
95.6727  98.1736
95.6808  98.1405
96.6429  98.8069
97.3602  99.0796
101.5073  103.1753
101.8208  103.9369
101.8223  104.1167
102.0762  104.7711
102.1331  104.7546
104.9677  106.4260
106.8999  108.4933
107.5826  109.0296
108.1966  109.8897
108.3204  110.1997
110.4007  112.0128
111.5045  113.0152
112.5931  114.8501
112.9370  115.2892
113.0891  115.3500
113.6011  115.7601
115.8533  117.4052
116.0595  118.1360
119.7473  121.8252
119.7505  121.8047
119.8391  122.0441
122.8222  124.3955
123.1239  124.9035
123.1775  125.0853
124.7576  126.6244
124.8170  126.7031
125.7178  127.1504
125.9216  127.4825
126.3324  128.1214
126.3368  128.2758
126.8148  128.5984
127.2129  128.7526
127.3695  129.0563
127.7036  129.2747
128.3173  130.3089
128.4827  130.5696
128.9099  130.8799
128.9604  130.8371
130.0617  131.8045
130.7045  132.6016
130.8990  132.7097
131.2482  133.4777
131.2738  133.6567
131.3524  133.6237
132.0699  134.0993
132.2820  134.2135
133.7740  135.3581
133.9813  135.6993
134.2841  135.8969
134.6911  136.2996
134.7854  136.5051
135.1076  136.7928
136.4183  138.1100
138.7066  140.4191
139.0839  141.1515
139.6876  141.5173
140.2468  141.9116
141.0655  142.9264
141.2036  143.2281
141.6365  143.4704
143.3088  145.8445
145.0312  147.2667
145.3048  147.9259
145.4379  148.4634
145.6470  148.6867
145.7485  148.8608
146.1632  149.1331
146.5629  149.3792
147.1457  149.4574
148.2529  149.7900
148.7530  150.5697
148.9201  150.7273
150.1940  152.0339
150.9993  153.4447
151.2852  153.7363
151.3229  153.9472
152.0322  154.3696
152.3251  155.0850
152.8552  156.1988
153.1360  156.3024
153.4262  156.4653
154.9845  156.9386
155.9884  157.7119
156.1012  158.1912
157.2628  158.9312
157.4929  159.2686
157.7584  159.5415
158.7531  160.4340
159.0832  160.9627
159.5611  161.5566
159.6134  161.7678
159.8042  161.8647
160.9308  163.0416
161.1956  163.3433
162.2539  163.7398
163.6826  165.2093
164.2767  166.1297
164.4001  166.8926
164.4684  167.0535
165.3421  167.2043
166.2275  167.8600
167.0220  168.7797
168.4741  170.0100
169.0211  170.7555
169.1514  171.4115
169.1834  171.3098
169.1918  171.3413
170.9848  172.6780
173.5733  175.3490
174.7936  176.7194
174.8255  176.9866
175.0604  177.9055
175.1524  178.1671
175.5467  178.6422
175.6208  178.8399
175.6872  178.7904
175.7996  178.9000
177.5380  179.1409
178.1268  180.4239
178.1545  180.5208
178.2122  180.5864
178.7273  181.0240
179.0731  181.0379
179.7494  181.5693
179.9025  181.8471
180.8369  182.8532
181.6912  183.3595
182.3088  184.1978
182.4438  184.5489
183.7680  185.4967
184.0010  185.7096
184.2476  186.0646
184.5712  186.4752
184.8291  186.5636
185.0854  186.6860
186.0991  187.8120
187.4776  189.5548
187.7524  190.0247
188.3276  190.2751
189.0329  190.6722
189.3908  191.0761
189.6626  191.3053
190.0312  192.2640
190.1191  192.3295
191.2753  193.2949
191.3274  193.3682
192.4802  194.3241
192.4848  194.4158
193.7239  195.5204
194.0503  196.1262
194.0785  196.1416
194.1036  196.2291
194.4143  196.6771
194.7883  197.3224
194.8623  197.4061
194.9486  197.4717
195.1220  197.9091
195.3501  198.0920
195.6752  198.1258
195.6881  198.2111
196.0488  198.3239
197.8340  199.6461
198.4182  200.3406
198.4234  200.3196
198.6345  200.4407
199.2156  200.7803
199.7614  201.4262
201.6245  203.2585
203.6928  205.3113
203.7940  205.4035
205.0028  206.6707
206.6389  208.3915
206.8755  208.4284
207.3936  209.1399
208.4993  210.3697
208.4994  210.4621
209.1630  211.2021
209.6057  211.4647
211.9568  213.6507
212.3072  214.2580
213.0622  215.5697
213.0914  215.5662
213.2104  215.7356
214.1935  216.1973
214.2030  216.1783
215.5033  217.0740
216.8152  218.5869
216.8403  218.7604
217.0809  219.0142
218.4520  219.9673
218.6083  220.1804
219.2964  221.6997
219.5615  221.9034
219.6321  221.9566
220.3483  222.4725
221.5166  223.1680
222.8423  224.8327
222.9142  224.9175
223.7915  225.3034
224.7081  226.7889
224.8068  226.7017
224.9382  227.0102
225.3257  227.1115
227.9534  229.7200
231.3751  233.2543
231.9622  233.8757
233.2160  235.0396
233.3208  235.3436
233.3502  235.1361
234.1387  236.3688
234.1753  236.4322
234.2807  236.4911
235.2133  237.3425
235.3067  237.3947
237.1328  238.6726
238.2546  239.9732
239.5630  241.6959
239.9130  241.7794
241.6658  243.5002
242.4829  244.4956
242.7843  244.7553
243.4795  245.5129
244.4796  246.4834
245.1660  246.7734
245.6448  247.9511
246.6245  248.7331
248.2758  249.9049
248.5181  249.9827
248.7851  251.1379
249.1122  251.5291
249.3527  251.4946
250.2670  251.8240
250.8648  252.3793
251.5048  253.1251
254.1208  255.6437
254.7416  256.2041
257.2932  258.8193
258.2502  261.0334
258.4887  261.3565
258.8273  261.5678
258.8774  261.7482
260.2599  262.1043
260.9224  263.0936
261.9127  263.5193
262.6236  264.4236
262.7019  264.4319
263.0290  264.8723
263.0539  264.8674
264.0097  265.7847
264.2154  266.2670
264.7786  266.6852
265.7753  267.4239
267.7546  269.3586
268.5948  270.6496
269.6956  271.4234
271.4771  273.6150
272.1173  274.1616
272.9771  274.6004
273.4943  275.3715
274.5981  276.2006
275.1191  276.8653
275.4359  277.0401
276.9820  278.9614
277.0064  279.0625
277.0966  279.2734
277.4811  280.1705
277.9937  280.5894
278.1236  280.6681
278.4980  280.7395
278.5657  280.9684
279.9979  281.6070
280.2284  282.2544
280.5233  282.4672
281.3906  283.3054
281.8567  283.8341
282.0220  283.9871
283.4165  285.0532
286.7804  288.5771
287.2194  289.0660
287.2491  289.1757
287.2840  289.1637
290.1139  291.8227
290.2844  292.1329
290.6119  292.4227
290.9271  292.7005
291.3916  293.3005
292.2925  295.2503
292.4128  295.3612
292.6369  295.4625
292.7694  295.7865
292.8098  295.8431
294.0933  296.9215
294.7036  297.5685
294.9023  297.6286
295.4538  297.6644
296.7568  299.1864
296.7584  299.1826
296.9055  299.5048
297.6172  299.7301
298.0970  299.7712
299.1171  300.8641
299.2989  301.2857
302.4289  303.8848
303.6279  305.3034
303.8607  305.4762
306.2952  308.2428
306.6106  308.9919
306.6405  309.0256
308.6119  310.1881
308.7816  310.4392
309.0081  310.6456
309.2894  310.8744
309.7262  311.5654
310.1534  312.0776
310.1708  312.0160
311.3001  312.9366
311.9075  314.6132
313.6531  315.8935
314.3674  316.1351
314.5839  316.5379
314.8907  316.8376
315.1838  317.6371
315.2474  317.7431
315.6562  318.4101
315.9793  318.8851
318.0048  320.0940
319.0715  320.6604
320.1541  322.3111
321.0749  322.7053
321.5146  322.9858
321.9143  323.7843
322.0086  324.0661
322.1215  324.2471
322.2072  324.4421
322.6568  324.8316
323.4122  325.6973
323.7405  326.0893
323.8088  326.3644
323.9092  326.2115
325.0465  327.0651
326.7488  328.8717
327.1404  329.3153
327.4505  329.7556
328.0949  330.2094
329.2052  330.8220
329.9618  332.5464
330.2318  332.9293
330.7506  333.2292
332.4399  334.1372
333.2081  334.8363
333.8628  335.6770
334.1297  335.7762
334.3284  336.3125
334.5084  336.6960
334.7894  336.9413
335.9973  337.9203
336.2904  338.4961
336.4704  338.8552
336.6830  338.7513
338.2442  339.8436
338.4357  340.0388
338.5744  340.2721
339.5164  341.5306
339.6071  341.5621
339.7341  341.6829
340.8751  342.5901
341.1131  344.0272
341.3504  344.6222
341.3962  344.5095
341.5689  344.8191
341.7478  345.1802
342.3743  346.1432
342.8050  347.1249
342.8467  347.2511
342.9139  347.3414
344.4200  348.9540
344.9445  349.2157
345.8706  349.3693
346.1533  349.7235
347.2532  349.9547
348.8312  350.6448
349.4345  351.2779
349.9808  351.9408
350.0231  351.9458
350.2643  352.1807
351.3646  352.9516
351.4871  353.6209
351.5763  353.7327
353.2288  354.8097
353.7501  355.3722
355.3491  356.9727
355.4303  357.4070
355.6422  357.7119
355.7544  357.9186
356.9166  358.6419
357.5947  359.5857
357.8347  360.0176
358.1911  360.7307
358.2560  360.9723
358.6696  361.2492
359.0861  361.6226
359.2058  361.7326
360.4460  362.5023
361.2952  363.7606
361.4427  363.7851
361.6307  363.8431
362.2868  364.1750
363.5515  365.5329
364.3242  366.0115
365.3839  367.5320
365.4226  367.7310
368.4274  370.2808
368.5783  370.7381
371.8795  373.5307
373.1148  375.3682
375.2106  377.0539
375.4033  377.3990
375.5311  377.4037
377.0536  378.5435
377.5865  379.2550
379.4046  381.0996
379.8438  381.6820
379.9004  381.9842
380.4927  381.9431
381.2479  383.1184
381.3956  383.3090
382.1552  383.6104
382.6566  384.5917
383.2160  384.8127
383.5239  385.0925
383.8006  385.4731
384.7965  386.3209
385.4203  387.1711
385.4515  387.2735
385.8218  388.4374
385.8668  388.4320
385.8826  388.5916
386.6532  388.7144
387.0853  388.9564
387.7641  389.2607
388.3180  389.8686
388.4930  390.0141
390.3307  392.1410
390.3840  392.3579
390.5242  392.2791
391.4735  393.5270
391.5197  393.4601
392.8728  394.5358
393.4923  395.2489
393.7244  395.4702
394.7578  396.4489
395.2587  397.6716
395.3170  397.8931
397.3276  399.1393
397.5250  399.3765
398.6926  400.4245
399.7540  401.1973
400.2437  402.5445
400.2492  402.4201
400.3696  402.6114
402.2384  404.2682
402.3843  404.8178
403.1187  405.0828
404.1539  405.7894
404.2777  406.0771
404.4567  406.3037
404.6560  406.9238
404.6714  407.2276
404.9561  407.3248
406.4621  408.2416
406.9882  408.4960
407.3625  409.3015
407.8184  409.5218
410.7732  412.6831
410.8991  413.2194
411.3938  413.8794
411.5484  414.1382
411.9500  414.4441
412.0424  414.3460
412.1585  414.4950
413.1425  414.9066
413.1699  415.0309
414.3675  416.0923
415.4189  417.1798
415.8392  417.9041
415.9247  418.0439
416.7698  418.4222
417.9857  419.6541
418.1150  419.7874
418.4999  420.1773
419.4420  421.1426
420.7151  423.6453
420.8127  423.9396
421.7145  424.5347
422.0216  424.6420
423.5130  425.0981
424.5161  426.9353
424.7195  427.2788
424.7834  427.3336
425.6200  428.3160
425.7754  428.6109
426.0483  428.8255
426.8714  428.8717
427.3525  429.0679
430.7933  432.5031
431.1422  432.8088
431.6719  433.5259
432.1501  433.7314
432.5594  434.6131
432.7663  435.2894
432.7703  435.2937
432.8023  435.4582
433.1961  435.5393
433.4444  435.6127
434.6038  436.4217
434.7994  436.7281
436.3162  437.8291
437.2702  439.2255
437.3189  439.1085
439.0416  441.0385
439.9216  441.8644
440.6489  443.0122
440.7296  443.4111
440.8215  443.5231
443.0790  444.5977
446.6062  448.1555
448.0381  449.8096
449.4633  451.1811
450.1658  451.7791
452.1301  453.8619
452.3074  454.0956
452.6797  454.5270
452.7180  454.8241
454.3289  456.1615
454.7157  456.8322
454.8068  457.0693
456.0216  458.3654
457.7152  459.4835
458.2294  460.2548
458.3335  460.5576
458.8861  460.6316
459.6217  461.4047
459.8402  461.6222
460.7526  463.2017
460.8859  463.2345
462.5871  464.4473
462.8546  464.7668
463.3919  465.1506
464.0533  465.6696
464.9164  466.6755
465.1978  467.3573
465.2568  467.2947
465.5448  467.5721
467.7896  469.5337
468.5100  470.7616
468.5951  470.8437
469.1146  470.9434
471.3522  473.7437
472.3192  474.5976
472.5974  474.8268
472.7658  475.1253
473.6027  475.9961
473.6156  476.0734
474.7732  476.6350
474.8609  476.8995
474.9723  477.0753
475.2894  477.2188
476.9054  478.6411
477.8998  480.2540
478.1237  480.5828
479.2431  480.9722
479.9756  481.4947
481.4503  483.0394
481.7127  483.4274
482.9793  484.7843
484.3741  486.2960
485.2078  486.7688
485.6409  487.1465
486.3276  488.0932
487.4230  489.2491
488.4895  490.0298
488.6249  490.1550
489.0816  490.9033
489.5596  491.2472
489.8081  491.7233
489.9075  491.9089
491.2043  492.9958
492.3646  494.2531
492.6961  494.4304
494.1529  496.4139
495.5610  497.1066
496.4837  498.1429
496.5939  498.9285
496.7246  499.1871
497.3600  499.7608
499.1405  500.6266
499.9338  501.6583
500.5385  502.4604
500.5998  502.6568
500.7891  502.7661
502.9437  504.9030
503.0058  505.5776
503.0467  505.6993
503.2300  506.1006
503.2915  506.3363
503.3445  506.4463
503.3778  506.3652
504.4767  506.9685
504.8493  507.1895
505.6531  507.4423
506.3381  508.1852
507.0281  509.3113
507.3239  509.9156
508.1150  510.2115
509.1148  510.9060
510.0366  512.0619
510.1576  512.4508
510.3129  513.2776
510.5639  513.8230
510.7858  514.1167
511.2868  515.0431
512.5793  516.3443
512.9847  516.6085
513.3543  517.1558
513.5861  517.0812
513.9398  517.3135
513.9433  517.2705
516.8272  518.7047
516.9549  519.3930
517.3895  519.4523
517.6621  519.6860
519.2997  522.2263
519.3567  522.1600
519.8309  522.6862
520.6590  523.5652
520.6994  523.7254
520.7840  523.6657
521.2244  523.9584
522.3335  525.1456
523.5746  527.2892
523.8608  527.8943
523.9783  528.1248
524.0973  528.4447
524.1625  528.5823
524.5903  528.9781
526.2298  529.9566
526.2400  529.9381
526.5238  530.1763
527.1870  530.3624
528.4048  530.9384
528.5508  531.1171
528.6644  531.0428
529.4431  531.2226
529.9556  532.1056
530.0934  532.7083
530.4333  532.9992
530.4984  532.9321
530.6663  533.0525
530.9647  533.4222
531.5779  533.8523
531.7180  534.0337
531.8738  534.5039
532.1425  534.7933
532.1541  534.8893
534.1857  536.2677
534.4034  536.4617
535.3288  536.9610
535.4479  537.1398
535.8249  537.4696
536.6961  538.6883
536.7883  538.8072
537.5496  539.3127
537.6709  540.0169
537.8736  540.6324
538.0089  541.0101
538.1453  541.3079
538.4946  541.5021
539.5611  541.9392
541.8302  543.3877
542.2566  544.3735
542.2678  544.3942
543.2339  544.8185
543.3571  545.1606
545.4968  547.3946
546.6604  549.1367
546.6629  549.0029
547.1061  549.8067
547.5315  549.8925
547.7802  550.0308
548.9184  550.5112
549.8722  551.6277
549.9389  551.8172
550.1174  552.1219
550.2741  552.1606
550.6518  552.2613
551.1213  552.8734
551.2536  553.0119
552.9621  554.5075
553.3280  555.0948
553.4013  555.0072
553.7582  555.4602
554.3338  556.2830
554.6297  556.9260
554.8376  557.4469
555.4743  558.8493
555.6888  559.1598
555.8765  559.8890
556.2422  560.5981
556.3313  560.7680
557.1479  562.6881
557.2895  562.8567
557.3130  562.8050
557.8291  563.4669
557.8310  563.4191
558.0486  563.5970
561.0053  564.8741
562.5286  565.3365
563.0815  565.2837
563.6689  565.5243
565.5429  567.4353
566.5998  568.8621
566.6920  569.0838
566.7462  569.2363
567.0524  569.6736
567.6611  570.6120
567.7855  570.8372
568.3433  571.1019
568.6569  571.5433
568.6648  571.4282
568.7843  571.6133
569.4629  571.9463
570.7659  572.6723
571.5517  573.3905
573.1654  574.8504
573.7879  576.8158
573.8191  576.8461
575.1161  577.6024
575.6819  578.0622
576.7238  579.0265
576.8122  578.9889
578.0223  579.8813
580.9053  582.6808
580.9412  582.7219
582.5133  584.9144
582.6474  585.2202
583.4906  585.3486
585.2997  586.9147
585.7133  587.4799
589.0358  590.5567
589.1688  590.7348
592.9694  594.7260
593.4697  595.0832
593.7134  595.3602
594.1718  595.6983
594.8743  596.7868
596.5438  598.1530
597.7213  599.5543
598.9816  600.5574
599.2548  600.7773
599.9167  602.5603
600.0366  602.6939
600.4614  602.6449
602.9323  604.4117
603.1954  604.7758
603.4580  605.4702
604.2664  605.9084
604.9974  606.7846
606.0922  608.6379
606.2261  609.0592
606.3270  609.4449
607.5064  610.5508
608.0332  610.6639
609.4452  611.1089
609.6468  611.3600
611.3673  613.0152
611.6345  613.5318
611.9287  613.7312
612.4692  614.0201
612.9814  614.9869
613.2039  614.8756
614.2303  616.0493
614.6099  616.4663
615.7076  617.8793
615.9508  618.1505
616.4036  618.5440
616.6368  618.9971
616.8023  619.2461
617.4592  619.4972
619.3044  621.2042
619.9514  621.6315
621.4216  623.4981
623.8752  625.8009
624.4232  626.7615
624.5838  627.2085
626.2066  627.8204
628.3765  629.9752
628.9291  630.7742
629.0705  630.9904
630.0300  632.2830
631.5112  633.7450
631.6787  633.7078
631.7416  633.9023
633.4495  635.7029
633.6116  636.0227
633.8711  636.2382
634.1312  636.2402
634.9953  636.5586
636.6210  638.2790
637.3937  639.1717
638.2618  640.6415
638.3010  640.5460
639.1166  641.2150
639.5016  641.6414
639.7946  641.9588
640.1397  642.1755
641.0580  643.1690
641.1541  643.2140
642.6129  644.2032
643.0511  644.8173
643.0720  644.8847
644.1866  645.8590
644.6909  646.5537
645.7734  647.8083
648.2531  649.8872
649.0230  650.9582
649.1168  651.4928
649.1869  651.5761
649.3645  651.7666
649.8741  651.7377
651.0136  652.7093
651.6392  653.2772
652.5552  654.1020
652.8190  654.4708
653.2109  654.8409
653.5777  655.2687
653.7589  655.8708
653.8623  655.7988
655.4204  657.5665
656.7339  658.4160
657.9207  659.7056
658.8193  660.3832
659.1518  660.6971
659.6388  661.2558
660.1379  662.1496
662.1098  664.4423
662.2302  664.6431
663.0973  665.9946
663.1088  665.9789
663.5626  666.4972
664.6753  668.1026
665.1464  668.6157
665.9103  669.7675
666.9051  670.5774
667.4577  670.6211
668.3553  670.8966
668.4206  670.8555
669.8469  671.6826
669.8632  671.9113
671.2099  673.4427
671.5359  673.3539
673.0413  674.8427
673.2798  676.0606
673.2912  676.3448
673.3398  676.2924
673.4921  676.4793
674.5087  677.9204
674.8278  678.1413
675.2619  678.7350
675.4524  678.9551
675.8258  679.5103
676.0926  679.6196
676.2054  679.8892
676.6352  680.0491
676.8426  680.2257
676.9413  680.3269
677.0236  680.4570
678.1437  680.8931
679.5347  681.3741
679.7820  681.5729
681.1770  682.7331
682.8252  684.6935
684.0466  685.7055
684.3561  686.0401
685.1704  687.2230
685.7136  688.3733
685.8620  688.4133
686.1945  688.3342
687.5349  689.3937
687.7480  689.4068
688.4056  691.0490
689.0799  691.1786
690.3151  692.1659
690.5899  692.7374
690.8173  693.2184
691.6791  694.2170
692.1523  694.7099
692.8719  695.6826
692.8759  695.7370
693.4377  696.7431
693.7710  696.9931
693.9811  697.1802
694.3297  697.4269
695.4762  697.4454
696.1822  697.6426
696.7545  698.3030
697.7165  699.4530
699.5125  700.9639
699.7642  701.2074
702.9666  704.4398
703.4714  705.2821
703.8586  705.6438
704.4987  706.3757
704.5967  707.0788
704.6956  707.1135
704.8004  707.1066
704.8574  707.1911
706.3367  708.5045
706.7011  709.1331
706.9129  709.2718
707.1986  709.4261
707.9248  709.8529
708.5763  710.6242
709.6073  711.2287
709.9494  711.6956
711.0872  712.6690
711.6633  713.2260
712.6192  714.7254
712.6309  714.8113
714.2344  716.3459
714.9869  716.8894
715.1721  717.2118
715.4566  717.3784
715.7276  717.6995
716.0212  718.7928
716.1318  718.8057
716.6608  718.9168
716.7711  718.9740
717.8994  719.4796
718.9231  720.3666
719.9256  721.6489
724.9909  726.5612
725.4367  727.3225
727.5351  729.1076
727.5891  729.3530
728.0736  729.8109
729.1814  730.7053
729.8998  731.9664
730.2431  732.1834
731.6253  733.3672
732.2755  734.0664
734.2933  735.9364
734.9065  736.3651
735.2157  737.1782
735.3168  737.8058
735.4527  737.8439
737.0321  738.6312
737.6894  739.3021
737.8475  739.5072
738.3591  739.9816
740.6609  742.2145
741.5983  743.3243
742.6042  744.3850
743.6074  745.1257
744.4895  746.2128
744.5478  746.4117
745.0227  747.0582
745.2244  747.2623
745.8345  747.6683
746.4031  747.8903
746.6505  748.3597
748.2991  749.9577
748.9700  750.7246
749.2930  751.1285
749.4994  751.6091
749.5700  751.5205
749.9466  751.8551
750.2361  752.2818
750.3614  752.4804
750.7353  752.5338
751.6670  753.1189
752.1212  753.8660
752.4100  754.1395
752.8362  754.5396
753.6044  755.2704
754.1964  756.0099
758.5785  760.5717
759.5227  761.9358
759.5491  761.8735
760.7796  762.5261
761.4474  763.0930
762.0284  763.6337
762.3931  764.3361
762.6083  764.8877
762.9574  765.4101
762.9990  765.6835
763.0816  765.8107
763.9638  766.5088
764.6863  767.2574
764.9162  767.3879
765.0932  767.5262
766.4133  768.0822
766.7327  768.7509
767.8574  769.6619
768.4012  770.0202
768.8214  770.7243
770.0583  771.6818
770.3778  771.9096
770.9660  772.6156
771.5327  773.1437
772.6057  774.1753
775.0696  776.8218
775.6878  777.1511
776.1160  777.9376
776.9632  778.6194
777.3661  779.2748
777.8837  780.2023
778.0353  781.0202
778.0470  781.1489
778.3527  781.8418
778.3643  781.8732
779.1890  782.1577
780.2472  782.5445
781.1309  782.5868
781.3863  782.9248
783.7999  785.8698
784.1896  786.4071
785.8265  787.8217
786.6249  788.2988
787.0139  789.0766
788.6619  790.8559
789.0252  791.3334
789.3312  791.2071
791.0273  792.7191
792.7446  794.5311
792.9818  794.7859
793.9406  795.9849
794.2821  796.0660
795.0358  797.3504
795.0389  797.4577
795.5167  797.7403
795.6464  797.6450
797.4191  798.9459
797.6758  799.2994
798.9355  800.9150
800.8175  802.9737
800.8737  803.0713
800.9630  803.1013
802.2583  803.9793
802.5288  805.0711
802.8082  805.2263
803.2777  805.5970
803.9649  805.7701
804.0415  805.8368
805.0774  806.6386
805.9342  807.6695
806.5497  808.1245
806.8216  809.2179
807.2244  810.1641
807.2933  810.2241
807.4318  810.3060
809.3846  811.1436
810.2400  812.2874
811.0538  813.0980
811.1620  813.1970
811.3802  813.2783
811.7349  813.4604
812.5362  814.2749
812.8934  814.7982
813.6627  815.2077
814.2397  815.9348
814.2872  816.2792
814.6510  816.6948
814.7817  816.6182
815.4049  817.4519
817.1155  819.3104
817.2846  819.5119
818.4527  820.1049
819.0291  820.6909
819.0821  820.7370
820.3516  821.8595
820.7305  822.3954
820.9857  822.4447
821.1504  823.5001
821.2177  823.4594
821.7619  823.5784
822.3675  824.7019
822.4515  824.7625
822.4970  824.7137
822.4972  824.7582
823.5549  825.4604
824.0324  826.4660
824.2543  826.6802
824.8413  827.0609
825.0846  827.5177
825.8541  827.7956
825.8722  827.9373
827.1235  829.1195
829.1377  830.8683
829.6581  832.1402
830.1956  833.1691
830.8272  834.1053
831.5850  834.3998
831.6131  834.5328
831.8619  834.4626
832.4418  834.6329
832.6915  834.8300
833.4714  835.1142
836.3663  838.0646
837.3539  838.8004
838.2943  840.6064
838.3163  840.6108
838.6368  841.2552
838.6823  841.5530
838.9130  841.4773
838.9217  841.4791
839.2023  841.6094
840.6883  842.1799
840.8573  842.5707
841.1219  842.7906
841.8738  843.6307
841.9766  843.6802
842.0944  843.9117
842.4261  844.2807
842.8293  845.6862
842.9247  845.7804
842.9485  845.6233
843.1632  845.7302
843.4952  845.8997
844.1559  846.1118
844.7791  846.9277
845.1875  847.4564
846.3235  847.9043
847.5147  849.7257
847.5249  849.6555
848.0923  849.8894
848.5401  850.3998
848.7752  850.5042
849.1557  850.7341
850.1852  852.1505
850.4802  852.7261
850.5501  852.6791
850.7005  852.9130
851.6699  853.8526
852.6496  854.5813
853.5582  855.3325
854.0471  855.5650
854.8697  856.2946
855.8929  857.6201
857.0937  858.8559
857.1765  858.8371
858.2832  859.7752
859.5090  861.5568
859.5483  861.5696
860.2570  862.3065
860.5670  862.5451
861.5764  863.0711
861.9732  863.4664
862.1629  863.7305
862.3272  863.9637
863.9733  865.5835
864.3766  866.5165
864.4316  866.6477
864.4540  866.7533
864.5083  866.7678
865.7380  867.3826
866.1550  868.2359
867.3416  869.1795
867.3919  869.2501
867.6126  869.7954
867.7436  869.8900
869.8185  871.3332
870.5975  872.2473
871.4339  873.1216
872.0909  873.9168
874.0774  876.1089
875.3531  876.9233
876.4981  878.0616
876.9489  878.7272
877.8270  879.9877
877.9032  879.8165
879.5161  881.5847
880.8695  882.4479
881.0304  882.7177
882.6283  884.3174
883.4010  885.6780
883.4975  885.8867
883.7583  886.2615
884.1902  886.5969
884.4731  886.7144
884.7425  886.9496
885.7057  887.7413
885.7296  887.6002
885.7976  887.6664
887.9827  889.9554
888.0242  890.1139
889.3088  890.9468
889.7371  891.3594
891.4972  893.1658
892.6318  894.3783
892.8734  894.8610
894.4383  896.0033
894.5805  896.2648
894.8872  896.5609
895.6171  897.3618
896.1090  898.1971
896.1581  898.1534
896.4578  898.3191
897.2394  898.9301
897.3198  899.2776
897.3551  899.1147
898.4109  900.2836
898.5196  900.9916
898.6612  901.5292
899.0233  901.8571
899.2664  902.2531
899.3115  902.3016
900.3135  903.3644
900.4041  903.3938
901.0812  904.1892
901.2138  904.3755
901.6041  905.0740
901.7263  905.0309
902.5790  905.9129
903.0851  905.9896
903.6606  906.2211
903.9400  906.4005
909.2832  910.9528
909.6208  911.2960
909.7460  911.9052
909.8243  911.9723
909.8544  912.1756
909.9879  912.2911
911.8637  913.6975
912.4726  914.0861
913.9178  915.6715
914.1321  916.0441
914.2224  915.9225
916.5717  918.8648
916.8599  919.1301
916.9370  919.2222
917.7065  919.9228
917.7128  919.8714
918.5898  920.2784
919.5465  921.6292
919.5898  921.7381
920.6885  922.4267
921.1324  922.7847
923.2947  925.3976
925.9070  927.5494
926.1423  928.3744
926.2132  928.7268
926.2620  928.9913
926.4458  929.4060
926.9825  929.9411
927.0964  930.0431
927.2799  929.9593
929.6427  931.8750
929.6485  931.9126
930.4810  932.1592
931.1921  933.3463
931.2986  933.7198
931.3170  933.6648
931.5048  933.9634
932.1134  934.8572
932.3681  935.3621
932.7612  935.7102
932.8820  935.8465
933.0573  935.9852
933.8965  936.6586
933.9804  936.6027
935.1101  937.1407
935.2115  937.2521
935.6824  937.6644
936.8331  938.5044
937.0298  939.2162
937.2187  939.4465
937.2918  939.5220
937.6738  939.7137
939.2060  941.2412
940.5298  942.3365
941.2124  942.8960
941.5564  943.0104
942.5295  944.4490
943.8287  945.8481
943.8949  946.1507
944.5629  946.2487
945.1448  946.7896
945.3441  947.2593
945.3810  947.3828
945.7024  948.0752
945.9575  948.3215
946.4499  948.8632
947.4544  949.2003
947.8677  949.8435
947.8965  949.9267
948.2470  950.0727
949.8827  951.4747
951.3549  952.9929
951.7673  953.6479
952.8710  955.3528
952.9190  955.4472
953.2326  955.6781
954.3682  956.0945
955.2251  956.6896
956.4423  957.9572
957.6143  959.2201
958.0410  959.6822
959.7899  961.6554
960.0584  961.6114
960.4413  961.9716
961.3818  963.0075
961.8520  963.4215
962.6416  964.3022
962.7489  964.3517
963.0768  964.9945
963.1933  965.0853
964.0114  965.4779
964.4856  966.0338
964.6366  966.3672
965.7194  967.5887
965.7798  967.6182
968.4187  970.3199
969.4864  971.0127
970.6197  972.2796
973.5951  975.6378
973.7039  975.7354
974.9665  976.7930
975.1947  977.7740
975.3088  977.7755
976.8750  979.3819
977.2608  979.7220
977.5436  979.9737
977.7211  980.0683
978.8285  980.4893
979.0354  980.7343
979.9301  981.8401
979.9590  981.8638
980.1523  982.1624
980.9254  982.6008
981.4371  982.8605
982.2236  984.3193
982.2921  984.4823
982.7821  984.5993
983.1085  984.7877
984.0144  985.5962
984.7261  986.3513
985.9661  988.0017
986.0549  988.0746
988.5172  990.2765
988.5744  990.2291
990.5860  992.2513
991.4534  993.0090
992.2253  993.8435
993.1354  994.7912
993.6970  995.5171
994.2982  995.9539
994.7481  996.5003
995.7119  997.4451
996.1481  998.0497
996.3929  998.2166
998.0538  1000.1784
998.1226  1000.5330
998.1993  1000.6529
998.5400  1000.8359
