0.8379  1
0.8352  2
0.8142  3
0.8108  4
0.8255  5
0.8129  6
0.8295  7
0.8079  8
0.8363  9
0.8164  10
0.8180  11
0.8357  12
0.8253  13
0.8138  14
0.8254  15
0.8453  16
0.8418  17
0.8383  18
0.8210  19
0.8179  20
0.8120  21
0.8192  22
0.7936  23
0.7993  24
0.8265  25
0.8207  26
0.8347  27
0.8252  28
0.8313  29
0.8243  30
0.8294  31
0.8251  32
0.8284  33
0.8152  34
0.8462  35
0.8280  36
0.8035  37
0.8320  38
0.8224  39
0.8215  40
0.8246  41
0.8301  42
0.8242  43
0.8104  44
0.8164  45
0.8084  46
0.8327  47
0.8111  48
0.8442  49
0.8463  50
0.8282  51
0.8309  52
0.8015  53
0.8131  54
0.8425  55
0.8102  56
0.8273  57
0.8261  58
0.8378  59
0.8201  60
0.7910  61
0.7917  62
0.8095  63
0.8296  64
0.8182  65
0.8199  66
0.8368  67
0.8332  68
0.8097  69
0.8459  70
0.8381  71
0.8435  72
0.8181  73
0.8154  74
0.8293  75
0.8286  76
0.7955  77
0.8256  78
0.8238  79
0.8001  80
0.8272  81
0.8431  82
0.8483  83
0.8241  84
0.8137  85
0.8011  86
0.8174  87
0.8366  88
0.8069  89
0.8450  90
0.8371  91
0.8205  92
0.8361  93
0.8037  94
0.8324  95
0.8091  96
0.8544  97
0.8014  98
0.8284  99
0.8408  100
0.8169  101
0.8290  102
0.8372  103
0.8079  104
0.8070  105
0.8059  106
0.8179  107
0.7933  108
0.8067  109
0.8528  110
0.8199  111
0.8005  112
0.8406  113
0.8232  114
0.8157  115
0.8400  116
0.8101  117
0.8287  118
0.8049  119
0.8549  120
0.8308  121
0.8464  122
0.8362  123
0.8155  124
0.8353  125
0.8190  126
0.8134  127
0.8270  128
0.8203  129
0.8063  130
0.8098  131
0.8036  132
0.8134  133
0.8425  134
0.8183  135
0.8380  136
0.8221  137
0.8288  138
0.8626  139
0.8275  140
0.8325  141
0.8271  142
0.8318  143
0.8083  144
0.8012  145
0.8291  146
0.8015  147
0.8217  148
0.8228  149
0.8098  150
0.8383  151
0.8100  152
0.8492  153
0.8275  154
0.8365  155
0.8227  156
0.8133  157
0.8135  158
0.8670  159
0.8373  160
0.8193  161
0.8118  162
0.8013  163
0.8525  164
0.8303  165
0.8094  166
0.8105  167
0.8161  168
0.8108  169
0.8283  170
0.8417  171
0.8421  172
0.8271  173
0.8481  174
0.8021  175
0.8166  176
0.8157  177
0.8203  178
0.8171  179
0.8087  180
0.8117  181
0.8209  182
0.8111  183
0.8347  184
0.8023  185
0.8144  186
0.8273  187
0.8379  188
0.8109  189
0.8137  190
0.8286  191
0.8305  192
0.8430  193
0.8555  194
0.8432  195
0.8355  196
0.8103  197
0.8259  198
0.8072  199
0.8174  200
0.8296  201
0.8211  202
0.8260  203
0.8207  204
0.8348  205
0.8320  206
0.8069  207
0.8270  208
0.8357  209
0.8336  210
0.8354  211
0.8056  212
0.8324  213
0.8323  214
0.8292  215
0.8205  216
0.8243  217
0.8116  218
0.8095  219
0.8426  220
0.8204  221
0.8199  222
0.7992  223
0.8733  224
0.8200  225
0.8307  226
0.8060  227
0.8342  228
0.8170  229
0.8173  230
0.8064  231
0.8306  232
0.8244  233
0.7981  234
0.8035  235
0.8049  236
0.8011  237
0.8156  238
0.8349  239
0.8309  240
0.8167  241
0.8300  242
0.8052  243
0.8025  244
0.8434  245
0.8163  246
0.8078  247
0.8568  248
0.8434  249
0.8514  250
0.8506  251
0.7922  252
0.8360  253
0.8479  254
0.8122  255
0.8107  256
0.8233  257
0.8437  258
0.8288  259
0.8400  260
0.8618  261
0.8387  262
0.8139  263
0.8363  264
0.8084  265
0.8217  266
0.8020  267
0.8416  268
0.8241  269
0.8218  270
0.8429  271
0.8259  272
0.8241  273
0.7978  274
0.8173  275
0.8217  276
0.8117  277
0.8153  278
0.8117  279
0.7992  280
0.8277  281
0.8320  282
0.8371  283
0.8225  284
0.8258  285
0.8512  286
0.8231  287
0.8146  288
0.8113  289
0.8296  290
0.8065  291
0.8172  292
0.8182  293
0.8182  294
0.8267  295
0.8291  296
0.8247  297
0.8161  298
0.8233  299
0.8204  300
0.8376  301
0.8335  302
0.8352  303
0.8452  304
0.8081  305
0.8217  306
0.8254  307
0.8260  308
0.8190  309
0.8367  310
0.8278  311
0.7976  312
0.8340  313
0.8091  314
0.8132  315
0.8208  316
0.8313  317
0.7936  318
0.8318  319
0.8135  320
0.8148  321
0.8576  322
0.8078  323
0.8283  324
0.8181  325
0.8050  326
0.8128  327
0.8176  328
0.8136  329
0.8383  330
0.8245  331
0.8042  332
0.8244  333
0.8388  334
0.8136  335
0.8139  336
0.8073  337
0.8140  338
0.8144  339
0.8245  340
0.7981  341
0.8126  342
0.8549  343
0.8050  344
0.8183  345
0.8204  346
0.8215  347
0.8332  348
0.8351  349
0.8546  350
0.8197  351
0.8082  352
0.8057  353
0.8278  354
0.8386  355
0.8210  356
0.8103  357
0.8438  358
0.8251  359
0.8345  360
0.8274  361
0.8342  362
0.8068  363
0.8200  364
0.8139  365
0.8467  366
0.8306  367
0.8273  368
0.8400  369
0.8009  370
0.8241  371
0.8546  372
0.8159  373
0.8331  374
0.8203  375
0.8051  376
0.8437  377
0.8180  378
0.8206  379
0.8341  380
0.8283  381
0.8382  382
0.8061  383
0.8226  384
0.8333  385
0.8194  386
0.8307  387
0.8215  388
0.8648  389
0.8228  390
0.8285  391
0.8349  392
0.8317  393
0.8362  394
0.8139  395
0.8215  396
0.8087  397
0.8251  398
0.8552  399
0.7938  400
0.8218  401
0.8033  402
0.8036  403
0.8337  404
0.8130  405
0.8135  406
0.8213  407
0.8274  408
0.7998  409
0.8325  410
0.8059  411
0.8381  412
0.8317  413
0.8232  414
0.8316  415
0.8409  416
0.8306  417
0.8335  418
0.8313  419
0.8201  420
0.8149  421
0.8323  422
0.8258  423
0.8567  424
0.8206  425
0.8267  426
0.8175  427
0.8151  428
0.8283  429
0.8591  430
0.8077  431
0.8394  432
0.8077  433
0.8496  434
0.8510  435
0.8219  436
0.7927  437
0.8252  438
0.8160  439
0.8276  440
0.8129  441
0.8420  442
0.8188  443
0.8061  444
0.8373  445
0.8041  446
0.8135  447
0.8212  448
0.8242  449
0.8290  450
0.7968  451
0.8125  452
0.8347  453
0.8399  454
0.8077  455
0.8231  456
0.8271  457
0.8500  458
0.8158  459
0.8240  460
0.8292  461
0.8075  462
0.8474  463
0.8006  464
0.8305  465
0.8097  466
0.8245  467
0.8277  468
0.8288  469
0.8264  470
0.8180  471
0.8233  472
0.8138  473
0.8105  474
0.8068  475
0.8243  476
0.8423  477
0.8133  478
0.8220  479
0.7988  480
0.8392  481
0.8446  482
0.8160  483
0.8070  484
0.8573  485
0.8243  486
0.8370  487
0.8079  488
0.8561  489
0.8396  490
0.8463  491
0.8291  492
0.8370  493
0.8126  494
0.8239  495
0.8164  496
0.8434  497
0.8249  498
0.8757  499
0.7874  500
0.8206  501
0.8233  502
0.8059  503
0.8638  504
0.8384  505
0.8201  506
0.8456  507
0.8395  508
0.8144  509
0.8193  510
0.8251  511
0.8155  512
0.8024  513
0.8269  514
0.8316  515
0.8179  516
0.8146  517
0.7968  518
0.8488  519
0.8397  520
0.8465  521
0.8215  522
0.8105  523
0.8145  524
0.8437  525
0.8292  526
0.8189  527
0.8442  528
0.8132  529
0.8380  530
0.8281  531
0.8392  532
0.8154  533
0.8355  534
0.8342  535
0.8246  536
0.8435  537
0.8076  538
0.8252  539
0.8349  540
0.8407  541
0.8148  542
0.8448  543
0.8060  544
0.8028  545
0.8181  546
0.8284  547
0.8139  548
0.7902  549
0.8129  550
0.8398  551
0.8181  552
0.8156  553
0.8308  554
0.8258  555
0.8211  556
0.8561  557
0.8151  558
0.8316  559
0.8289  560
0.8049  561
0.8174  562
0.8143  563
0.8334  564
0.8164  565
0.7952  566
0.8176  567
0.8112  568
0.8079  569
0.8178  570
0.8118  571
0.8239  572
0.8093  573
0.8212  574
0.8277  575
0.8271  576
0.8193  577
0.8212  578
0.7954  579
0.7852  580
0.8212  581
0.8225  582
0.8238  583
0.8440  584
0.8135  585
0.8307  586
0.8021  587
0.8595  588
0.8009  589
0.8274  590
0.8407  591
0.8041  592
0.8309  593
0.8358  594
0.8311  595
0.8407  596
0.8009  597
0.8360  598
0.8281  599
0.8155  600
0.8116  601
0.8103  602
0.8063  603
0.8350  604
0.8028  605
0.8111  606
0.8166  607
0.8036  608
0.7831  609
0.8475  610
0.8455  611
0.8253  612
0.8257  613
0.8334  614
0.8477  615
0.8160  616
0.8067  617
0.8206  618
0.8038  619
0.8326  620
0.8214  621
0.8194  622
0.8103  623
0.8523  624
0.7998  625
0.8334  626
0.8184  627
0.8163  628
0.8046  629
0.8301  630
0.8300  631
0.8502  632
0.8550  633
0.8209  634
0.8275  635
0.8016  636
0.8440  637
0.8242  638
0.8334  639
0.7994  640
0.8345  641
0.7919  642
0.8221  643
0.8652  644
0.8387  645
0.8144  646
0.7971  647
0.8275  648
0.8233  649
0.8443  650
0.8272  651
0.8229  652
0.8299  653
0.8437  654
0.8298  655
0.8307  656
0.7939  657
0.8480  658
0.8321  659
0.8422  660
0.8395  661
0.8438  662
0.8300  663
0.8249  664
0.8324  665
0.8224  666
0.8207  667
0.8138  668
0.8053  669
0.8147  670
0.8399  671
0.8359  672
0.8501  673
0.8390  674
0.8309  675
0.8203  676
0.8108  677
0.8285  678
0.8335  679
0.8139  680
0.8147  681
0.8357  682
0.8089  683
0.8309  684
0.8279  685
0.8218  686
0.8188  687
0.8425  688
0.8345  689
0.8542  690
0.8606  691
0.8401  692
0.8651  693
0.8334  694
0.8346  695
0.8279  696
0.8272  697
0.8457  698
0.7855  699
0.8140  700
0.8388  701
0.8492  702
0.8559  703
0.8058  704
0.8164  705
0.8052  706
0.8024  707
0.8371  708
0.8288  709
0.8123  710
0.8490  711
0.8056  712
0.8200  713
0.8397  714
0.8102  715
0.8337  716
0.8058  717
0.8588  718
0.8344  719
0.8022  720
0.8428  721
0.8379  722
0.8008  723
0.8262  724
0.8011  725
0.8091  726
0.8380  727
0.8213  728
0.8584  729
0.8340  730
0.8033  731
0.8089  732
0.8163  733
0.8263  734
0.8578  735
0.8195  736
0.8118  737
0.8400  738
0.7968  739
0.8457  740
0.8310  741
0.8343  742
0.8538  743
0.7967  744
0.8247  745
0.8161  746
0.8229  747
0.8433  748
0.8126  749
0.8458  750
0.8086  751
0.8381  752
0.8409  753
0.8139  754
0.8096  755
0.8094  756
0.7855  757
0.8360  758
0.8181  759
0.8348  760
0.8271  761
0.8308  762
0.8249  763
0.8257  764
0.8113  765
0.8395  766
0.8020  767
0.8420  768
0.8279  769
0.8143  770
0.8361  771
0.8274  772
0.8422  773
0.8345  774
0.8321  775
0.8113  776
0.8116  777
0.8256  778
0.7938  779
0.8137  780
0.8393  781
0.8461  782
0.8185  783
0.8395  784
0.8218  785
0.8147  786
0.8139  787
0.8345  788
0.8138  789
0.8236  790
0.8127  791
0.8264  792
0.8465  793
0.8494  794
0.8236  795
0.8570  796
0.8146  797
0.8052  798
0.8253  799
0.8189  800
0.8191  801
0.8160  802
0.8414  803
0.8313  804
0.8386  805
0.8113  806
0.8182  807
0.8173  808
0.8140  809
0.8486  810
0.8317  811
0.8344  812
0.8348  813
0.8413  814
0.8331  815
0.7982  816
0.8343  817
0.8291  818
0.8145  819
0.8457  820
0.8167  821
0.8065  822
0.8095  823
0.8309  824
0.8346  825
0.8220  826
0.8141  827
0.8204  828
0.8154  829
0.8105  830
0.8248  831
0.8178  832
0.8300  833
0.8222  834
0.8399  835
0.8319  836
0.8238  837
0.8300  838
0.8217  839
0.8188  840
0.8264  841
0.8161  842
0.8146  843
0.8111  844
0.8291  845
0.8435  846
0.8266  847
0.8149  848
0.8228  849
0.8217  850
0.8277  851
0.7987  852
0.8092  853
0.8558  854
0.8155  855
0.7857  856
0.8331  857
0.8208  858
0.8297  859
0.8167  860
0.8577  861
0.8159  862
0.8276  863
0.8404  864
0.8115  865
0.8031  866
0.8144  867
0.7976  868
0.8487  869
0.8364  870
0.8300  871
0.8184  872
0.8384  873
0.8115  874
0.8289  875
0.8049  876
0.8250  877
0.8090  878
0.8175  879
0.8191  880
0.8395  881
0.8075  882
0.8026  883
0.7986  884
0.8218  885
0.8357  886
0.8160  887
0.8268  888
0.8582  889
0.8309  890
0.8360  891
0.7973  892
0.8064  893
0.8124  894
0.8218  895
0.8259  896
0.8209  897
0.8448  898
0.8188  899
0.8451  900
0.8671  901
0.8149  902
0.8118  903
0.8253  904
0.8068  905
0.8392  906
0.8139  907
0.8668  908
0.8133  909
0.8179  910
0.8211  911
0.8177  912
0.8145  913
0.8170  914
0.8395  915
0.8296  916
0.7960  917
0.8395  918
0.8252  919
0.8229  920
0.8437  921
0.8267  922
0.8202  923
0.8425  924
0.8309  925
0.8147  926
0.8089  927
0.8124  928
0.8102  929
0.8152  930
0.8029  931
0.7911  932
0.8342  933
0.8192  934
0.8238  935
0.8057  936
0.8053  937
0.8084  938
0.8378  939
0.8456  940
0.8235  941
0.8516  942
0.8017  943
0.8251  944
0.8359  945
0.8218  946
0.7995  947
0.8164  948
0.8233  949
0.8292  950
0.8196  951
0.8312  952
0.8415  953
0.8156  954
0.8170  955
0.8419  956
0.8329  957
0.8252  958
0.8226  959
0.8146  960
0.8143  961
0.8277  962
0.8382  963
0.8174  964
0.8157  965
0.7872  966
0.8188  967
0.8020  968
0.8174  969
0.8639  970
0.8299  971
0.8138  972
0.8183  973
0.8284  974
0.8159  975
0.8170  976
0.8048  977
0.8158  978
0.8150  979
0.8226  980
0.8248  981
0.8166  982
0.8286  983
0.8215  984
0.8471  985
0.8223  986
0.8440  987
0.8375  988
0.8279  989
0.8210  990
0.8246  991
0.8089  992
0.8353  993
0.8091  994
0.8327  995
0.8328  996
0.8302  997
0.8097  998
0.8144  999
0.8058  1000
