0.6613  2.3221
0.6852  2.4318
1.0992  2.5387
1.3775  2.9351
1.4202  2.9885
1.6651  3.1743
2.0370  3.6101
2.6043  4.0745
3.5001  4.9569
3.8521  5.4530
4.3914  5.8889
4.5150  6.1285
4.5451  6.3813
5.1124  6.5557
5.3078  6.8513
5.3156  7.0284
5.4455  7.0309
5.7527  7.1645
6.0802  7.7566
6.1433  7.8067
6.5609  8.0193
6.7584  8.2030
6.8450  8.4083
6.9873  8.6260
8.0235  9.6008
8.1416  9.7014
8.7187  10.1813
8.7814  10.4014
8.9448  10.5139
9.0573  10.6927
9.6740  11.2776
9.7093  11.4001
9.7652  11.3123
10.4239  11.9479
10.4667  12.0266
10.7022  12.2892
10.8737  12.3202
11.3605  13.0303
11.3815  13.0526
11.3905  13.2406
11.8839  13.4123
12.3512  13.8770
12.4094  13.8511
12.6295  14.1084
13.0043  14.3601
13.3788  15.0310
13.4517  14.9342
13.9143  15.4167
14.1797  15.6062
14.9603  16.6101
15.3192  16.9577
15.4282  17.0459
15.7282  17.3208
15.8113  17.4197
15.8721  17.5219
16.5191  18.1622
17.2194  19.0500
17.2297  18.9121
17.9689  19.2992
18.2881  19.8488
18.7589  20.1915
18.8603  20.4295
19.0282  20.5461
20.2251  21.7409
20.5738  22.3838
20.6116  22.4764
20.6996  22.3516
21.0242  22.4166
21.2072  22.7829
21.2655  22.8612
21.4149  23.2701
21.4688  23.2828
21.4908  23.5095
21.8023  23.7939
21.8844  23.8393
21.8929  23.9196
22.3014  23.9170
22.5440  24.1925
22.7861  24.5092
22.9056  24.5047
23.1241  24.9349
23.2163  25.0690
23.2289  25.0427
23.2661  25.0549
23.5163  25.2135
23.8390  25.1870
24.3129  25.9209
24.6840  26.0820
24.8851  26.3553
25.2017  26.5645
25.5659  27.0003
25.8411  27.2702
25.9190  27.5078
26.3807  28.1753
26.4248  28.5320
26.4311  28.4058
26.5864  28.7443
26.8077  28.8386
26.9326  29.0421
27.1186  29.1556
27.4595  29.3288
27.4626  29.2870
27.7607  29.4614
28.5858  30.2062
28.6683  30.4001
28.9069  30.5493
29.2456  30.7351
29.3174  30.7940
29.4516  31.0040
29.4696  31.0445
30.1305  31.5832
30.2857  31.9327
30.3419  32.1169
30.4285  32.1581
30.4766  32.1066
31.3956  33.1469
31.4471  33.1774
31.8043  33.2735
32.8498  34.8954
32.8652  34.8159
32.8655  34.9766
32.9867  34.9507
33.3108  34.9524
33.7932  35.4478
33.9268  35.4033
35.4651  36.9445
35.4748  37.0302
35.8377  37.3531
35.9210  37.6196
35.9789  37.4403
36.3313  37.8478
36.7231  38.5045
36.8432  38.6420
37.5735  38.9756
37.6637  39.1407
37.7881  39.3574
37.8591  39.5122
37.8866  39.6603
38.0309  39.8742
38.1412  39.9285
38.2807  40.0475
38.5326  40.2925
38.6117  40.4080
39.0218  40.6745
39.4842  40.9807
39.4930  41.1725
39.7099  41.3045
40.0682  41.5840
40.2814  41.7736
40.5114  42.0735
40.6219  41.9745
41.1274  42.4628
41.2506  42.8854
41.3013  43.1307
41.3563  43.2210
41.5030  43.0940
41.6460  43.4372
41.7082  43.4292
42.1226  43.5616
42.5155  44.0281
42.7816  44.4317
43.1592  44.8193
43.2161  44.7729
43.2506  44.9300
44.0818  45.5966
44.1859  45.6953
44.2684  45.8027
44.4643  45.7988
44.7396  46.3567
45.6334  47.4840
45.7722  47.4022
45.7723  47.5430
46.8531  48.2857
47.1438  48.6289
47.4273  48.8775
48.8762  50.7320
48.8894  50.8247
48.9252  50.8259
49.1325  50.8720
50.4177  51.9682
50.5937  52.0883
50.7297  52.3478
50.9534  52.5760
51.4563  52.9253
52.3572  54.0557
52.3994  54.2314
52.8910  54.5594
52.9433  54.5382
53.1138  54.7112
53.6086  55.1427
54.0399  55.4813
54.0649  55.5872
54.2614  55.8958
54.4425  56.0473
54.9297  56.2683
55.1267  57.0834
55.1349  57.0058
55.3122  57.0480
55.4348  57.2009
55.8365  57.3277
56.4744  57.8747
56.7753  58.5174
56.7760  58.4915
56.9042  58.4517
57.5027  59.1254
57.6190  58.9871
57.7945  59.1468
58.0424  59.6097
58.8330  60.3869
59.2102  60.7217
59.4436  61.1265
59.7122  61.1560
60.0700  61.5621
60.3186  61.8933
60.6234  62.1122
61.0023  62.4948
61.4101  63.3806
61.4347  63.3910
61.4725  63.4978
61.6407  63.4265
62.2577  63.8002
62.5202  63.9204
62.5542  64.0827
62.7236  64.3677
62.7539  64.3209
62.9265  64.5603
63.0057  64.8199
63.1469  64.8237
63.3839  65.0596
63.7704  65.2231
64.1465  65.7257
64.4163  65.9821
64.5021  66.2625
64.5638  66.2377
64.7273  66.2842
65.0060  66.5763
65.1116  66.4486
65.3541  66.7732
65.7600  67.3353
65.8663  67.3954
65.9253  67.6632
65.9361  67.8817
65.9896  67.8025
66.2579  67.9661
66.8307  68.4139
67.2226  68.5945
67.4968  69.3347
67.5106  69.4146
67.5703  69.7424
67.8157  70.0121
67.8957  69.9549
68.1851  69.8649
69.0892  70.6159
69.2215  70.8057
69.3769  70.8959
69.5717  71.2643
69.6848  71.2382
69.8099  71.3060
70.3720  71.9513
70.5598  72.1988
70.6399  72.4493
70.7269  72.4498
70.8618  72.7755
71.0053  73.0547
71.1616  73.1676
71.4350  73.2402
71.5904  73.3364
71.9320  73.4938
72.1224  73.5121
72.3580  73.9272
72.4471  74.1267
72.5417  74.0928
72.8526  74.3167
72.9449  74.3368
73.3494  74.7301
73.4916  74.8714
73.7511  75.2273
74.0237  75.3598
74.1171  75.6020
74.2188  75.6933
74.2891  76.0198
74.3987  76.1191
74.5172  76.5039
74.6063  76.6906
74.6403  76.7503
74.8458  77.2896
74.8606  77.1329
74.8867  77.1954
74.9276  77.3640
75.2466  77.6618
75.6526  78.2931
75.7500  78.4490
75.8247  78.4841
75.8538  78.2814
76.3454  78.6977
76.3767  78.6985
76.7335  78.7896
77.2202  79.1890
77.2426  79.3233
77.4976  79.4196
77.5979  79.5902
77.7077  79.6091
78.5667  80.2798
78.6520  80.2850
78.7249  80.5632
79.0310  80.4386
79.3445  80.8828
79.4594  80.8893
79.5323  81.1083
79.8331  81.1544
80.4703  82.1061
80.5153  82.2053
80.9048  82.5899
80.9629  82.4428
81.0634  82.5070
81.2858  82.9270
81.3425  83.0435
81.4199  83.2539
81.6210  83.6016
81.7816  83.8818
81.8328  83.8061
81.9186  83.8917
81.9822  83.9861
82.0935  83.9597
82.6875  84.2282
83.1144  84.7520
83.2728  84.7547
83.3756  84.8453
83.9203  85.3419
84.0643  85.9143
84.2301  85.8857
84.3764  86.0505
84.7980  86.3300
84.9690  86.3134
85.2724  87.0020
85.2917  87.0581
85.3742  87.0375
86.1128  87.5072
86.9365  88.4962
87.0224  88.5881
87.1838  88.5258
87.4950  88.9248
87.7474  89.1115
88.1980  89.6089
88.8438  90.3852
89.1660  90.7158
89.5355  90.8930
89.7440  91.2286
89.8491  91.5654
89.9129  91.5931
90.5045  92.0779
90.7811  92.1256
91.0200  92.8214
91.0279  92.9054
91.4947  93.3075
91.5269  93.2810
91.6996  93.3870
91.7042  93.6224
91.8784  93.4925
92.2352  93.7893
92.4809  93.8919
92.9271  94.5600
92.9532  94.6834
93.0631  94.6484
93.3558  94.7548
93.8962  95.6629
94.1519  95.8376
94.5013  96.5733
94.5449  96.6757
94.6165  96.8655
94.6682  96.8958
94.7571  96.9023
94.7896  96.9446
95.2194  96.9669
95.2619  96.9884
95.5387  97.1997
95.9668  97.5701
96.0062  97.6351
96.2979  97.7815
96.4376  98.0374
96.9045  98.5680
96.9817  98.7578
97.1150  98.7344
97.1302  98.6993
97.4255  98.8689
97.7871  99.4097
97.8025  99.5105
98.1091  99.7220
98.1525  99.7347
98.3882  99.8705
98.7329  100.4132
99.4287  101.0064
99.5534  101.4371
99.6365  101.8398
99.6805  101.8681
100.2076  101.8625
101.0051  102.6129
101.2292  102.8879
101.2484  102.6906
101.8669  103.4261
102.4856  103.9444
102.5466  104.1660
102.6769  104.0736
103.1402  104.4805
103.2714  104.6120
103.3952  104.9990
103.7117  105.0726
103.9031  105.3449
103.9165  105.3689
104.5138  105.8487
105.0187  106.3760
105.2799  106.6026
105.5615  107.0908
106.1316  107.5084
106.2689  107.6018
106.3899  107.7707
107.2348  108.7612
107.6083  109.1126
107.9327  109.5309
107.9640  109.6545
108.1621  109.7954
108.2474  109.6777
108.9226  110.3216
109.0414  110.6225
109.1695  110.6246
109.3029  110.6825
109.7012  111.3335
109.9836  111.7467
110.0086  111.8797
110.2494  111.9829
110.4206  112.2733
110.4973  112.5792
110.7077  112.7744
110.8285  112.8091
110.9019  112.9136
111.0283  113.0219
111.4101  113.1053
111.5418  113.1109
111.8472  113.4464
111.8885  113.4323
112.0474  113.6436
112.2154  113.8849
112.4766  113.9610
113.1036  114.6628
113.1894  114.6727
113.7782  115.4984
113.7994  115.4073
113.8724  115.5295
114.1155  115.6746
115.2988  116.9718
115.3513  117.4841
115.3538  117.2993
115.4844  117.5645
115.4899  117.7447
115.5836  117.8434
115.7127  117.8693
116.7063  118.5862
116.7847  118.4090
116.8776  118.4787
117.1681  118.5755
117.3628  118.8940
117.7850  119.4102
118.1024  119.8560
118.1059  119.9068
118.2442  119.9240
118.7181  120.0580
119.1658  120.6007
119.5712  121.1557
119.8574  121.2647
120.7379  122.1761
121.1482  122.6545
121.4304  123.0869
121.5561  123.4020
121.6089  123.4249
121.7721  123.6450
121.8371  123.7395
122.0989  123.8627
122.3641  123.9650
122.6758  124.3048
122.6832  124.1646
123.2526  124.7321
124.0673  125.5547
124.1134  125.5718
124.3582  125.9000
125.0435  126.6608
125.1640  126.7458
125.4746  127.1440
125.5379  127.3344
125.6117  127.2913
125.6919  127.4723
126.0564  127.6202
126.5938  128.1618
126.8313  128.6655
126.9382  128.8257
126.9564  128.8205
127.0960  128.8390
127.2499  128.9309
127.5792  129.0346
128.0432  129.4863
128.1023  129.6482
128.1511  129.7805
128.8352  130.7573
128.8681  130.6636
128.9605  130.7710
129.0202  130.9532
129.4441  130.9688
129.9260  131.5081
130.0622  131.4828
130.5455  132.1490
130.5581  132.0080
130.8036  132.3197
130.8382  132.2855
131.1594  132.6536
131.3540  132.9803
131.4744  133.1545
131.8372  133.2807
131.9820  133.4666
132.4435  134.0501
132.5202  134.3098
132.7157  134.5434
132.7240  134.5376
132.8661  134.7028
132.9327  134.9342
132.9682  134.7296
133.1734  135.0602
133.9002  135.4474
134.4240  136.4700
134.4499  136.5419
134.5481  136.5870
134.7640  136.7193
134.9072  136.7138
135.2999  136.7922
136.2038  137.6435
136.2841  137.8126
136.4122  137.7718
136.6986  138.3879
136.7145  138.5979
136.7355  138.5956
137.0866  138.9414
137.2492  139.0145
137.7488  139.2909
137.9138  139.3323
138.2870  139.6986
138.3376  139.7996
138.9339  140.4587
139.1844  141.1052
139.2539  141.2393
139.3172  141.3321
139.3355  141.2735
139.3508  141.3715
139.5382  141.6127
139.8117  141.5248
140.0064  141.8143
140.2935  141.8980
140.3778  142.1772
140.5958  142.2639
140.7816  142.3291
141.1700  142.6253
141.3181  142.7628
141.4466  143.0590
141.7531  143.1819
142.3969  143.8292
142.9541  144.3488
143.3895  144.8513
143.6496  145.4770
143.6696  145.5536
143.7037  145.4426
144.1106  145.5983
145.5574  147.0843
145.8036  147.3071
145.9549  147.5975
145.9681  147.5131
146.4809  147.8097
146.9494  148.4968
147.0424  148.6356
147.8344  149.4259
147.8575  149.5844
147.9219  149.7192
147.9892  149.8914
148.0133  149.8172
148.2600  149.9998
148.4728  150.0328
148.7511  150.2601
148.8240  150.4536
148.9875  150.8198
149.2612  150.6932
149.5284  150.8960
150.7797  152.4418
151.0148  152.6339
151.3622  152.9123
151.4265  152.9715
151.6917  153.2663
152.1240  153.5584
152.2263  154.2402
152.2444  154.4218
152.2630  154.4016
152.3535  154.4343
152.6317  154.5424
152.7208  154.6965
153.3827  154.8358
153.7548  155.0970
154.0458  155.8367
154.1182  155.7660
154.2121  155.8706
154.3297  156.1119
154.4959  156.0207
154.8857  156.5244
155.0199  156.5085
155.2284  156.6749
155.8540  157.3332
156.4045  157.7775
156.8339  158.1570
157.2662  158.5863
157.8707  159.5200
157.9374  159.6790
158.1422  159.9914
158.2414  159.8668
159.8017  161.3641
160.4050  161.7763
160.6790  162.2191
161.6751  163.3762
161.7511  163.3547
162.4642  163.9421
162.7139  164.1013
163.0328  164.6446
163.0604  164.6777
163.5661  165.1591
163.6844  165.3268
163.8484  165.7833
165.0272  166.7176
165.0824  166.8875
166.5300  167.8647
166.7967  168.2050
167.1216  168.5829
167.1295  168.6664
167.4265  168.9038
167.4637  169.1554
167.5916  169.5908
167.7639  169.6942
167.8200  169.5996
167.8505  169.6616
168.2346  170.0412
168.4477  170.1533
168.6283  170.3066
168.8009  170.4945
168.8635  170.7189
168.8638  170.6572
169.0605  170.9003
169.2823  170.9717
169.6738  171.0784
169.8312  171.1989
170.0171  171.7879
170.0273  171.7658
170.3919  171.8163
170.4730  172.0286
171.4242  173.1405
171.4319  173.3153
171.4493  173.3241
171.5186  173.6743
171.7068  173.8507
171.8990  173.9654
172.0040  173.9322
173.3084  175.0725
173.3227  175.0807
173.3490  175.2561
173.9823  175.6409
174.1273  175.6050
174.3041  176.1959
174.3742  176.4625
174.4110  176.8415
174.4230  176.6710
174.4884  176.8992
174.5280  176.8938
174.5555  176.9400
174.7276  177.1525
174.9452  177.4099
175.2633  177.5208
175.5437  177.5434
176.0312  177.6067
176.4984  178.2747
176.5790  178.4128
176.5803  178.4295
177.0368  178.6331
177.2957  178.7113
177.4532  178.9781
177.9877  179.5018
178.2556  179.7060
178.3931  179.8695
179.3802  180.9381
179.6230  181.3749
179.6810  181.6487
180.4301  182.3160
181.5333  182.9183
181.6252  182.9978
182.3486  183.8412
182.5469  184.0450
182.6700  184.1794
182.7052  184.2578
182.8136  184.4710
183.1562  184.9483
183.2063  184.8614
183.4534  185.2051
183.7981  185.1335
184.1864  185.8134
184.8272  186.2094
185.5898  187.1587
185.7290  187.1169
185.9877  187.4823
186.1680  187.8294
186.1775  187.8047
186.4807  188.0438
186.4831  187.9294
186.7881  188.3197
187.0630  188.6822
187.1459  188.9545
187.2246  188.9812
187.8606  189.2275
187.9402  189.3439
188.1815  189.7324
188.3838  189.8587
188.5127  190.0347
189.2292  190.7320
189.7792  191.4230
189.8972  191.4431
190.0091  191.4254
190.2317  191.8556
190.6424  192.2620
190.6803  192.1274
191.1062  192.4336
191.4534  192.8858
191.8586  193.2768
192.0097  193.5240
192.8414  194.4174
192.9867  194.5677
193.1883  194.7839
193.3009  194.8313
193.6900  195.2064
193.8160  195.4019
195.0723  196.5342
195.5708  197.0165
195.7125  197.3885
195.7574  197.4779
195.7648  197.5293
195.8845  197.6113
196.4065  197.8043
196.7014  198.2240
196.7810  198.4492
196.9177  198.5574
197.2975  198.9162
197.3147  199.0127
197.8167  199.3935
197.9736  199.6653
198.2966  199.7970
198.6226  200.1523
198.6638  200.1488
198.8992  200.5048
198.9990  200.7864
199.2176  201.0840
199.2285  200.9265
199.4671  201.0972
199.5057  201.1660
199.8484  201.3697
200.1197  201.6447
200.5718  201.9864
200.9784  202.4454
201.1305  202.4722
201.3042  202.7517
201.3914  203.0750
201.4289  203.1500
201.6112  203.1504
202.9739  204.3810
203.0793  204.7546
203.2251  204.8525
203.6982  205.2239
203.7520  205.1911
204.1874  205.6500
204.3601  205.8125
204.8009  206.5222
204.8198  206.6297
205.0466  206.8473
205.2446  206.7495
205.2801  206.8637
206.2201  207.8089
207.1269  208.5897
207.1979  208.7592
207.4995  209.1204
207.5956  209.0587
207.8291  209.1950
208.0142  209.5007
208.8565  210.3532
209.1983  210.6991
209.4728  211.0634
209.5499  211.1535
210.2401  211.6906
210.5793  211.9413
210.7761  212.3187
211.3887  212.9845
211.7151  213.2879
211.7418  213.2961
212.0985  213.5863
212.7620  214.2280
212.8756  214.2166
213.0313  214.5124
213.2579  214.7064
213.6045  215.0580
213.9078  215.5099
213.9824  215.5127
214.3841  215.9982
214.9736  216.5601
215.1814  216.8641
215.1853  216.9275
215.2355  216.9396
215.4733  217.1953
215.5338  217.3034
215.8289  217.5638
215.8433  217.6042
215.9847  217.7136
216.5754  218.1371
216.8541  218.2708
217.3097  218.7670
217.6046  219.2354
217.6444  219.2003
217.8244  219.4406
217.8485  219.4903
218.1585  219.7366
218.3896  219.8704
218.7751  220.5864
219.4165  221.0014
219.4440  221.0319
220.0138  221.6255
220.0609  221.6822
220.4562  222.0591
220.5405  222.3291
220.8390  222.4187
221.2681  222.8195
221.4907  222.9832
221.5155  223.1992
221.9411  223.4182
222.4490  223.8377
222.6515  224.1996
223.0992  224.4602
223.2335  224.7470
223.2951  224.9080
223.5789  225.0223
223.9239  225.5387
223.9436  225.6619
223.9968  226.0166
224.0886  226.0574
224.1399  225.9871
224.6265  226.1387
225.4354  226.8444
225.5100  227.0762
225.8482  227.2348
226.0053  227.8476
226.0198  227.8313
226.0547  227.9466
226.3334  228.6404
226.6841  228.9821
226.6910  228.9824
226.7263  229.1320
227.0025  229.4565
227.0232  229.3402
227.1526  229.4908
227.2637  229.7539
227.2740  229.7226
227.5612  229.9090
227.8477  230.0449
227.8701  230.0318
228.5139  230.1115
228.6689  230.2960
228.7731  230.5689
228.9267  230.6279
228.9952  230.8191
229.0765  231.0891
229.2264  231.4901
229.4173  232.1869
229.4370  232.3570
229.4532  232.2257
229.6046  232.6514
229.6217  232.6043
229.6487  232.7570
229.6929  232.5811
230.0354  233.1360
230.1975  233.1919
230.2709  233.1032
230.4928  233.2433
230.5918  233.2967
230.7122  233.4948
231.4411  233.6087
231.7847  233.8760
232.1379  234.1430
232.1428  234.2313
232.2094  234.2863
232.2684  234.4341
233.6998  235.4361
233.7634  235.3747
233.9547  235.4825
234.1484  236.0437
234.2068  236.1834
234.2742  236.4030
234.3377  236.5031
234.4776  236.5440
234.5713  236.5032
234.6510  236.7523
235.6838  237.1231
235.9250  237.4471
236.0536  237.6476
236.1930  237.7825
236.2960  237.8951
236.3211  237.9238
236.6626  238.1426
236.9531  238.3769
237.1098  238.6324
237.3899  238.7630
237.4900  239.0290
237.8184  239.3404
238.0737  239.6436
238.1069  239.6289
238.1741  239.7588
238.5338  239.9618
239.1797  240.7044
239.2351  240.7929
239.3377  241.1003
239.4057  241.4003
239.5116  241.4451
239.7282  241.7487
239.7778  241.7316
239.9866  241.9391
240.0627  241.9871
240.1314  242.0599
240.4806  242.3018
240.5695  242.6119
240.7590  242.7578
240.9262  242.7655
241.8201  243.1484
242.2020  243.6796
242.3313  243.9204
242.6506  244.2998
242.7340  244.1580
243.8105  245.4139
244.1404  245.6784
244.2043  246.1493
244.2329  246.1578
244.2705  246.2281
244.4087  246.3540
244.7208  246.4940
244.7696  246.6936
244.8073  246.5918
245.2260  246.7982
245.3362  247.1550
245.4655  247.2094
245.4824  247.3190
245.4957  247.4042
246.8305  248.2441
247.1058  248.5341
247.1525  248.6035
247.4538  249.1213
247.5097  249.3877
247.5936  249.4123
247.6165  249.4741
247.7036  249.7768
247.9413  249.9443
247.9654  249.8990
248.0846  249.8652
248.2181  250.0171
248.5798  250.4497
248.6578  250.4450
248.8995  250.6487
248.9016  250.8535
249.2679  251.1498
249.4109  251.5403
249.5510  251.5293
249.5821  251.5938
249.6473  251.5587
250.4719  252.1358
250.5093  252.2459
250.5871  252.0570
250.9295  252.4089
251.0307  252.5200
251.1919  252.6804
251.4973  253.0018
251.6628  253.2802
251.7326  253.3987
251.8306  253.5413
252.0531  253.6068
252.0958  253.7199
252.1192  253.6798
252.8038  254.2013
253.3285  254.7288
253.6013  255.5598
253.6485  255.6529
253.7106  255.9498
253.7551  256.0910
253.8807  256.2487
254.0538  256.5378
254.0831  256.6205
254.0909  256.3920
254.6126  256.8539
254.6544  256.9079
254.7105  256.9672
254.7641  257.1807
255.3767  257.4442
255.3877  257.4910
255.4190  257.5348
256.3568  257.8890
257.0914  258.7479
257.1659  258.6993
257.3482  258.9607
257.3646  258.8977
257.5638  259.0141
257.7759  259.3417
258.7319  260.2761
258.8253  260.5393
258.9478  260.6676
259.5075  261.1807
259.5530  261.2070
259.5837  261.4012
259.7170  261.4719
259.8968  261.6477
259.9961  262.0714
260.0371  262.0203
260.0634  261.9830
260.1129  262.2609
260.5403  262.6684
260.5859  262.5512
260.8338  262.8201
261.1766  262.9102
261.7545  263.5526
261.7674  263.6977
262.3888  264.1882
262.3990  264.1798
262.4920  264.4201
262.4989  264.4676
262.6513  264.4179
262.9834  264.4889
263.1638  264.5621
263.9401  265.6209
263.9769  265.5076
264.5172  266.0569
264.7913  266.3442
265.1307  266.5717
265.2294  266.6673
265.4619  267.7289
265.4993  267.7553
265.5756  267.7334
265.8254  267.9184
265.9749  267.8993
266.3247  268.1330
266.5128  268.1033
267.0767  268.7526
267.1363  268.7388
267.8079  269.6370
267.8161  269.6907
267.8228  269.7677
268.1300  270.3158
268.2537  270.3806
268.3345  270.5834
268.4879  270.6110
268.9666  270.9214
269.0528  271.1186
269.0590  271.0944
269.1491  271.1874
269.9711  272.0703
270.1992  272.1954
270.2141  272.2775
270.5312  272.3654
270.7206  272.5606
271.1029  273.2223
271.1427  273.3262
271.1820  273.6759
271.2648  273.6789
271.3499  273.9713
271.3862  274.1000
271.6092  274.1582
271.9075  274.3950
271.9449  274.3779
272.1391  274.6675
272.3186  274.6465
272.4100  274.6754
272.5811  274.8487
272.7232  274.8746
273.0158  274.9938
273.9233  275.4522
274.2038  275.6742
274.2292  275.7358
274.4497  276.0305
275.0255  276.6138
275.2569  276.7106
276.6086  278.1025
277.2252  278.7462
277.3553  278.7374
277.4882  279.0529
277.7875  279.1742
278.0703  279.5696
278.2832  279.7528
278.4084  279.8092
278.5446  280.3146
278.6197  280.7509
278.6565  280.7744
278.6887  280.8685
279.2493  280.8731
279.3957  281.0621
279.4329  281.1512
279.7637  281.3940
280.2932  282.3082
280.3146  282.3063
280.3640  282.2838
280.5587  282.5790
280.6134  282.5869
280.9149  282.5760
281.3894  282.7879
281.6156  283.1765
281.6683  283.1796
283.0751  284.6068
283.5353  284.9320
283.8700  285.2886
284.0589  285.5709
285.1678  286.5599
285.7388  287.3078
285.8569  287.1783
285.9851  287.3235
287.3061  288.7564
287.5328  288.9512
287.9695  289.8200
288.1351  290.1173
288.2196  290.1241
288.7243  290.2355
288.9413  290.4411
289.4712  290.9784
289.7235  291.2600
289.8322  291.2252
290.1807  291.7686
290.3324  292.0852
290.3500  292.1304
290.3916  292.2502
290.4466  292.3537
290.7811  292.4119
290.8473  292.5554
291.2293  292.7841
291.3950  292.8398
292.2021  293.6662
292.4040  294.0204
292.6313  294.0669
292.8398  294.3131
292.9565  294.7923
292.9703  294.7780
293.2875  294.7126
293.5919  295.1171
293.9955  295.5980
294.0492  295.5184
294.1911  295.7453
294.3177  295.9913
294.3977  296.0464
294.6665  296.2624
294.8419  296.3322
295.0474  296.4631
295.3327  296.8162
295.4010  296.9865
295.5962  297.3005
295.6446  297.2859
296.1006  297.5051
296.1669  297.7813
296.8260  298.4802
296.9274  298.4086
298.0556  299.4940
298.1133  299.5694
298.7116  300.5339
299.2083  300.8396
299.2318  301.0234
299.2705  300.9303
299.3722  301.0680
299.5274  301.2788
299.5591  301.3416
300.5687  302.3037
300.5740  302.5218
300.6299  302.4369
300.6347  302.6074
300.8452  303.0386
300.9511  303.2084
301.0440  303.2881
301.1482  303.5252
301.2259  303.6017
301.3411  303.7839
301.4990  303.8884
301.6139  303.8072
301.9447  304.1155
302.1766  304.1284
302.1798  304.0320
302.2301  304.0956
302.8285  304.7243
302.8312  304.5512
302.8807  304.7507
303.0938  305.2092
303.1319  305.2783
303.1827  305.1200
303.3068  305.1547
303.3661  305.3923
303.9490  305.4788
304.1965  305.6071
304.3693  305.9565
305.1179  306.7554
305.2197  306.9848
305.2397  306.9206
305.4609  307.2355
305.6323  307.2913
305.9086  307.5963
305.9141  307.5967
306.0731  307.7330
306.4312  308.0085
306.6296  308.1740
306.6364  308.0663
307.8380  309.3016
307.9579  309.5275
308.0440  309.4909
308.5056  310.0199
308.6780  310.1903
308.7556  310.4616
308.9002  310.3358
309.0980  310.8490
309.1150  310.8157
309.3242  311.2543
309.4658  311.3518
309.5445  311.5126
309.7639  311.6986
309.8332  311.8387
310.3959  312.1951
311.0972  312.6819
311.3923  312.8727
311.5447  312.9206
311.7011  313.0724
312.0147  313.5250
312.3872  313.9924
312.4040  313.9505
312.7302  314.0455
313.2454  314.5687
313.5152  315.0600
314.0061  315.5504
314.3385  315.8650
314.5270  316.0482
314.8547  316.2791
315.0472  316.6064
316.5105  318.0609
316.6480  318.4375
316.6687  318.5269
316.7372  318.4189
316.7936  318.4353
317.1407  318.5780
317.1920  318.6331
317.7500  319.3335
317.8914  319.2263
318.1332  319.6734
318.3413  319.8945
318.4753  320.5465
318.5626  320.9069
318.6836  320.9201
318.7583  320.9665
318.8054  320.9841
319.2483  321.0894
319.8218  321.2909
319.9727  321.5510
320.4591  322.1061
320.4707  322.2553
320.7014  322.5363
320.7544  322.5653
321.9203  323.4925
322.3502  323.8531
322.4409  323.9916
322.5056  323.9186
322.7414  324.3341
322.8193  324.2877
323.5174  324.9067
323.6271  325.0786
323.9847  325.4359
324.0543  325.6541
324.1353  325.7903
324.2078  326.1213
324.3631  326.4033
324.4202  326.5754
324.4682  326.5392
324.4887  326.6356
324.8064  326.9051
324.8315  326.8543
324.8615  327.0060
324.9115  327.1427
325.4061  327.0788
326.3523  327.6794
326.6411  328.1985
326.6896  328.0671
326.9225  328.4128
327.0461  328.5568
327.2204  328.7242
327.2366  328.9808
327.5397  329.0135
327.6932  329.2289
328.2502  329.6553
328.3890  329.8601
328.4080  329.9621
328.7184  330.0882
328.9096  330.4149
329.0099  330.5354
329.4781  330.8247
329.8256  331.3189
330.2981  331.6144
330.6679  332.2378
330.7953  332.2790
330.9563  332.5253
331.3182  332.7967
331.5609  333.0634
331.6811  333.1985
331.8027  333.4212
332.0416  333.4377
332.3916  333.8952
332.4185  333.8703
332.7983  334.3540
333.0508  334.4283
333.6432  335.0733
334.0442  335.5478
334.0698  335.5667
334.6235  336.2210
334.6749  336.4252
334.9043  336.5979
334.9174  336.7007
334.9197  336.8205
335.8491  337.3431
336.2096  337.6418
336.2334  337.8456
336.5728  338.0640
336.8382  338.3274
337.5389  339.0570
337.8835  339.4023
338.5239  340.0654
338.9244  340.5498
338.9532  340.6376
338.9770  340.8834
339.1201  340.9880
339.2303  341.3785
339.4052  341.5494
339.5034  341.8024
339.5074  341.6510
339.6085  341.6941
340.3078  342.4191
340.3677  342.4774
340.3912  342.6405
340.3980  342.5144
340.4507  342.5331
340.7160  342.8907
340.7433  342.9915
341.1564  343.1074
341.3575  343.3335
341.4103  343.1635
342.4235  343.7956
343.4650  344.9369
343.6164  345.0424
343.8356  345.5601
343.8540  345.3139
344.1103  345.7567
344.1294  345.6025
344.8924  346.2941
345.0824  346.6375
345.1240  346.6677
345.6207  347.0905
346.1013  347.7556
346.1367  347.5609
346.7217  348.2521
346.8626  348.5045
347.3537  349.0396
347.4008  349.0234
347.4236  349.0838
347.9119  349.5739
347.9467  349.7022
348.0755  350.3068
348.0948  350.2561
348.1338  350.1784
348.1652  350.2614
348.2552  350.3942
348.5784  350.4507
348.9226  350.4417
350.2910  351.7355
350.8252  352.3663
351.5860  353.1435
351.6464  353.3740
351.9294  353.4881
352.0170  353.6502
352.0889  353.7806
352.1659  353.8826
352.3076  353.9672
352.6183  354.3220
352.7529  354.4906
353.1633  354.9019
353.1862  354.7898
353.4632  355.1790
353.7190  355.0794
354.5175  356.0899
354.8642  356.4572
354.9548  356.4567
355.8225  357.4980
355.8747  357.6637
355.9922  357.5958
356.1357  357.7281
356.4238  358.1169
356.4629  358.1902
356.8375  358.4681
356.9035  358.6731
357.6269  358.9539
357.8969  359.3928
358.0619  359.5146
358.3509  359.8624
358.9313  360.4730
359.1417  361.0158
359.1589  360.8477
359.2483  361.1942
359.4995  361.4021
359.6039  361.4149
359.6544  361.4136
359.7276  361.5504
360.3939  361.8782
360.5429  362.1013
360.7920  362.1526
360.8969  362.4798
361.7394  363.1176
362.0120  363.6384
362.0593  363.7833
362.0979  363.7741
362.3223  363.9563
362.6740  363.9996
362.8235  364.2272
362.8743  364.4600
363.3588  364.8847
363.5503  364.8820
363.6759  365.1363
364.2551  365.7789
364.8740  366.3325
365.0466  366.5943
365.2278  366.6684
365.2903  367.0228
365.3637  367.1280
365.4836  367.0536
365.9636  367.3211
366.8715  368.4405
367.4608  368.8934
367.8150  369.2965
368.2302  369.6400
368.3044  369.8311
368.8174  370.3810
368.8448  370.3795
369.0659  370.7983
369.1308  370.7189
369.3133  371.0269
369.4169  371.0970
369.9007  371.4719
370.1104  371.6294
370.2529  371.8654
370.8505  372.3386
370.9099  372.4281
371.1072  372.6111
371.5452  373.1956
371.5688  373.2074
371.6190  373.3848
372.0864  373.4299
372.2617  373.9177
372.3325  373.9702
373.0728  374.5104
373.5771  375.3978
373.5926  375.3818
373.5930  375.4313
373.7389  375.3743
374.8532  376.2749
375.3573  377.0045
375.3890  377.0403
375.4149  377.0550
375.4841  377.2983
375.6096  377.4103
375.9632  377.4991
376.2964  377.9106
376.8974  378.3908
377.5586  379.1258
377.8226  379.2153
378.5208  380.1257
378.6588  380.2860
378.6649  380.2276
378.9394  380.5380
378.9406  380.5687
379.2038  380.5463
379.9022  381.4201
380.3629  381.8768
380.4743  382.0514
380.5382  382.1376
380.7434  382.1545
381.3293  382.8842
382.2673  383.7798
382.4082  383.8489
382.5554  384.1454
382.5768  384.2184
382.5787  384.3756
382.7873  384.5858
382.9759  385.0241
383.0414  385.0774
383.0451  385.0653
383.2584  385.3039
383.2840  385.3592
383.3562  385.2137
383.5273  385.3879
384.1478  385.7217
384.2361  386.1849
384.3400  386.1833
384.4299  386.5004
384.4942  386.5120
384.7716  386.7599
384.9154  386.9386
384.9977  387.0301
385.2204  387.0034
385.4261  387.2307
385.7011  387.3328
386.0939  387.6309
386.1859  387.6542
386.4234  387.9561
386.9569  388.4758
387.3592  388.8247
387.4363  389.0100
387.4942  388.9660
388.1391  389.6093
389.2434  390.6005
389.3497  391.0081
389.5171  390.9856
389.8447  391.1704
390.3349  391.9233
390.6723  392.3897
390.7128  392.3072
390.9476  392.6812
391.0593  392.8410
392.2191  393.6250
392.5813  394.3116
392.5915  394.2846
392.8320  394.5629
392.8471  394.7196
393.2143  394.6210
393.4353  395.0051
393.5377  395.0331
393.9821  395.4367
394.4462  396.1039
394.5159  395.9794
394.7363  396.3139
394.8514  396.6014
395.1027  396.4961
395.7387  397.3355
396.4699  398.0035
396.5173  398.5257
396.5235  398.4016
396.5768  398.6274
396.7796  398.9815
396.8557  398.9875
396.9929  399.2297
397.2131  399.5050
397.2462  399.4697
397.3871  399.4790
397.6327  399.7177
397.6679  399.9784
397.7851  400.0443
398.0908  399.9600
398.5631  400.0539
399.2666  400.6408
399.6114  401.1200
399.6983  401.2276
400.4630  401.8243
400.7133  402.2033
401.1065  402.4215
402.3208  403.8760
402.5116  404.3234
402.7149  404.3242
403.0504  404.5136
404.1746  405.7623
404.4026  405.7959
404.7386  406.1470
405.1337  406.6176
405.4859  407.0074
405.9960  407.5089
406.1145  407.6556
406.3485  407.6744
406.7443  408.2699
406.9702  408.2963
407.1037  408.5654
407.5108  408.8804
407.6152  409.1474
407.8674  409.4538
408.0768  409.6956
409.2952  410.9192
409.4368  410.9181
409.7731  411.3296
409.9167  411.5534
410.2806  411.6618
410.3790  412.0577
410.4843  412.1152
410.6747  412.3568
410.7233  412.4619
410.7468  412.4798
410.9619  412.4512
411.2421  412.5760
411.4763  412.9615
411.6855  413.0257
411.9194  413.5026
412.1183  413.5671
412.1614  413.8247
412.3170  413.8166
412.7273  414.0670
412.9879  414.7719
413.1312  414.9599
413.1954  415.0955
413.6341  415.1031
413.7698  415.2050
413.9937  415.7010
414.0621  415.9209
414.3115  416.1123
414.4229  416.3509
414.6651  416.6669
414.9874  417.0342
415.1043  417.4670
415.1605  417.2764
415.1942  417.5193
415.2706  417.6606
415.5680  417.9542
415.5899  417.9369
415.7064  418.1464
415.7600  418.0464
416.2743  418.5963
416.5054  418.5926
416.8259  418.7037
417.2841  418.9046
417.9210  419.4121
417.9541  419.6499
418.0859  419.5145
418.2935  419.8670
418.7235  420.3075
418.7688  420.4138
419.0908  420.5188
419.1087  420.6736
419.6034  421.0969
420.0123  421.5737
420.2265  421.5603
421.2445  422.7069
421.6080  423.1820
421.8100  423.4348
421.8154  423.4198
422.0273  423.3846
422.1770  423.7376
422.4344  424.0263
422.4599  424.1609
422.7724  424.0949
423.2550  424.9169
424.4666  425.8437
425.0775  426.7389
425.0951  426.7523
425.1223  426.9528
425.1805  426.9629
426.2563  428.2265
426.2907  428.1070
426.3266  428.2226
427.1868  428.5810
427.2678  428.6539
428.1572  429.8634
428.3633  430.0203
428.5060  430.2239
428.5249  430.1555
428.6744  430.2836
429.8388  431.2773
429.9190  431.4011
430.5698  432.0516
431.4811  432.9011
431.7268  433.3109
432.1081  433.6921
432.1150  433.7235
432.2079  433.9628
432.9837  434.4515
433.0754  434.6814
433.1340  434.7255
433.8733  435.1906
434.1117  435.5876
434.1630  435.8964
434.3288  435.8824
434.7057  436.1399
435.3400  436.8181
435.5249  436.9097
435.9169  437.2724
435.9949  437.6083
436.6694  438.0292
436.8177  438.1740
436.9588  438.3334
437.1122  438.6165
437.1133  438.8342
437.3363  438.9500
437.8563  439.3841
437.9185  439.4325
438.0426  439.6355
438.2834  439.8158
438.4588  439.9057
438.4596  440.1453
438.9016  440.5392
439.5153  441.0119
439.6052  441.2842
439.6377  441.3180
439.8192  441.4234
440.0583  441.4506
440.6165  442.3068
440.6495  442.5295
441.1524  442.6109
441.5223  443.2770
441.5582  443.2721
442.2756  443.6769
442.5982  444.1837
442.6390  444.1706
442.7505  444.4259
442.7529  444.4113
442.9605  444.6623
442.9984  444.9668
443.1061  445.0169
443.6073  445.2328
444.1541  445.7131
444.9328  446.5425
445.0498  446.6059
445.4607  446.9141
445.5717  447.1966
445.6737  447.3773
445.7047  447.4482
445.9428  447.6806
446.0274  447.6104
446.4657  448.1281
446.4702  448.0231
446.7473  448.3785
446.8147  448.4809
446.8624  448.6862
447.0153  448.5167
447.5290  449.2271
447.5512  449.0976
448.1379  449.4682
448.6281  449.9674
449.0321  450.7974
449.0336  450.6568
449.1187  450.8957
449.4147  450.8865
449.8574  451.5246
450.0408  451.8406
450.0876  451.7246
450.4518  451.7995
450.7202  452.2438
450.9041  452.4707
451.1123  452.5292
451.2857  452.9009
451.3156  452.9105
451.5600  453.0262
452.4621  454.0193
452.6617  454.1080
453.0320  454.4789
453.2272  454.8123
453.3135  454.8387
453.7101  455.3850
453.7499  455.3916
454.1654  455.5384
454.3611  455.8293
454.9468  456.4851
455.3735  457.0065
455.3776  457.1237
455.4483  457.2148
455.7263  457.3138
455.8118  457.3725
456.0929  457.5325
456.2034  457.6761
456.5438  457.9747
456.6359  458.0770
456.9664  458.3464
457.3133  458.7298
457.7372  459.1092
458.0377  459.6873
458.0570  459.5726
458.6800  460.2847
458.8506  460.2453
459.0626  460.5372
459.4738  460.8066
459.5871  461.0887
459.7542  461.3961
459.7720  461.4230
460.9882  462.3874
461.6358  463.2469
461.7857  463.3615
462.0303  463.5800
462.1187  463.6978
462.5247  464.0349
462.8878  464.3044
462.9621  464.6103
462.9737  464.6462
463.2765  464.6391
463.4752  464.9589
463.8379  465.2883
464.4036  465.9943
464.8202  466.4141
464.9398  466.3940
465.7081  467.0916
465.8279  467.2005
466.0646  467.5151
466.1259  467.5441
466.3996  467.9435
466.6155  468.1510
466.7276  468.3187
466.8722  468.5533
466.9886  468.6357
467.0127  468.6846
467.0562  468.9864
467.1551  469.0509
467.8134  469.5902
468.4190  469.8615
468.5697  469.9913
468.9962  470.4937
469.2953  470.9739
469.3814  471.0438
470.2822  471.6865
470.4270  471.8005
470.5159  472.0709
470.5925  472.2087
470.6575  472.1905
470.6852  472.3126
470.9952  472.5143
471.0567  472.6839
471.1172  472.8603
471.9356  473.4851
471.9499  473.5147
471.9754  473.6399
472.4946  474.2844
472.5064  474.2542
472.6437  474.5591
472.7440  474.5221
472.8186  474.5112
473.0623  474.5684
473.5090  475.2555
473.5420  475.3395
474.0524  475.5937
474.5860  476.0492
475.1172  476.8702
475.1567  477.0987
475.2242  477.2213
475.3766  477.8201
475.3847  477.6121
475.4461  477.9303
475.4557  477.9096
475.5742  478.0841
475.7125  478.1736
475.7962  478.3517
475.9058  478.4035
476.0064  478.3986
476.2929  478.6442
476.6342  478.7363
476.7792  479.0719
476.8514  479.0087
477.1315  479.3363
477.1512  479.3934
477.2125  479.3302
477.4442  479.3960
477.4837  479.4540
477.5156  479.5145
478.0916  479.5967
478.4312  479.9095
478.8333  480.2692
479.1153  480.6150
479.3475  480.9206
480.1104  481.5995
480.4368  482.1246
480.9375  482.6691
481.0492  482.7054
481.0867  482.8469
481.6320  483.2768
481.9414  483.6247
482.2025  483.7166
482.5776  484.0079
482.7995  484.2525
483.0839  484.7719
483.1414  484.7935
484.1410  485.7382
484.9122  486.5457
485.2086  486.6423
485.5200  487.0877
485.8478  487.2382
486.3552  487.9384
486.9630  488.5338
487.4998  489.1442
487.5514  489.3588
487.6090  489.2421
487.9967  489.5328
488.1910  489.8424
488.1919  489.7469
488.4135  489.7939
489.2965  490.7082
489.4429  491.0273
489.5138  491.1298
489.6537  491.2406
489.6831  491.2683
489.8280  491.4084
490.1206  491.4820
491.0815  492.6427
491.6492  493.1669
491.7397  493.2699
491.9599  493.7574
491.9621  493.6613
492.1314  493.9755
492.1473  493.9122
492.5915  494.3391
493.3435  495.0703
493.3769  495.0291
493.5405  495.3971
493.7400  495.5108
494.2752  495.8458
494.5144  496.0251
494.6713  496.1018
494.8262  496.2762
495.0116  496.4457
495.1911  496.7017
495.3870  496.8286
496.4165  497.8400
496.4209  497.9569
496.7074  498.1355
497.1359  498.5159
497.9364  499.5836
497.9685  499.9192
498.0017  500.0077
498.0917  500.1826
498.3386  500.6481
498.3511  500.5003
498.3904  500.5429
498.7015  500.8946
498.8446  500.9191
499.0056  501.1908
499.1067  501.2321
499.1715  501.3046
499.7044  501.4212
499.8873  501.5288
499.9339  501.7038
500.2886  501.6464
501.1930  502.6260
501.3616  502.8540
501.4371  502.9599
501.7618  503.2749
501.9008  503.4698
502.5392  503.9541
502.6649  504.1735
502.8414  504.6634
502.8510  504.5312
502.8978  504.7915
503.5961  505.1652
503.8490  505.4186
504.1782  505.6815
504.2778  505.7922
504.2919  505.9029
504.9098  506.3453
504.9586  506.6290
506.0369  507.4719
506.0911  507.6735
506.6464  508.2270
506.7708  508.3697
506.8932  508.6253
507.5782  509.1387
507.6984  509.2230
508.2114  510.0250
508.2152  509.9415
508.4140  510.1054
508.5995  510.3073
508.6790  510.2919
508.6934  510.4327
509.0649  510.8205
509.3153  510.8764
509.3879  510.9312
509.9045  511.4595
510.1518  511.9015
510.3317  512.2713
510.3374  512.2513
510.3527  512.2480
510.5934  512.7538
510.6351  513.0140
510.7882  513.1932
510.8209  513.3682
510.8924  513.2733
510.9773  513.4350
511.1671  513.7536
511.2055  513.5754
511.5285  513.9358
511.6377  513.8989
511.6378  513.9653
511.9888  514.0197
512.0833  514.0876
512.5495  514.5134
512.6103  514.4500
512.7726  514.5901
512.9063  514.8448
512.9842  514.9044
513.1622  514.8929
513.3400  515.0335
513.8308  515.3313
514.1149  515.7523
514.2764  515.9458
514.7718  516.4053
515.1109  516.7369
515.1591  516.8853
515.2566  517.1440
515.5199  517.0984
515.5949  517.2160
515.7730  517.3817
517.0060  518.3383
517.6212  519.2338
517.9334  519.8690
517.9819  519.9816
518.1935  520.1944
518.3112  520.4118
518.3725  520.3461
518.5196  520.4962
518.7427  520.6292
519.0530  520.8326
519.0617  520.8675
519.1237  521.0588
519.1689  521.1090
519.5570  521.2067
519.8994  521.4416
520.1983  521.6713
520.9066  522.2975
521.0205  522.4903
521.5958  523.2110
521.9046  523.3111
522.0541  523.6811
523.0953  524.6818
523.2630  524.7762
523.3830  524.8789
523.3934  524.9718
523.7296  525.0705
523.9014  525.4109
524.4185  525.8219
524.6229  526.2910
524.6465  526.3860
525.2079  526.6144
525.5019  526.8418
526.3925  528.0670
526.6916  528.3103
526.7604  528.1695
527.0562  528.6081
527.1117  528.9351
527.1140  528.8879
527.3496  529.1246
527.8484  529.4524
527.9935  529.5518
528.7176  530.1983
529.2651  530.8773
529.3018  531.1891
529.3206  531.1153
529.4493  531.1837
529.7676  531.3858
529.9526  531.6462
530.2512  531.6772
530.3597  531.9819
530.6868  532.4588
530.7134  532.5837
530.7524  532.8866
530.7692  532.7401
530.8320  532.9580
531.0350  533.0692
531.2874  533.1604
531.5349  533.5145
531.7126  533.6333
531.7529  533.6402
531.9441  533.8226
532.3078  533.9668
532.3363  534.0267
532.4234  534.2487
533.4318  534.8898
533.7150  535.2577
533.8484  535.5146
533.8608  535.5625
534.1235  535.9020
534.1360  535.9738
534.1868  535.9805
534.6384  536.0725
534.8888  536.3267
534.9367  536.6576
535.0698  536.6812
535.2290  536.8425
535.2347  536.9579
536.2184  537.7239
536.8466  538.2605
536.9313  538.4809
536.9672  538.6174
537.3237  538.9965
537.3395  538.8357
537.6625  539.1720
537.7114  539.2522
537.8042  539.3016
538.0046  539.4209
538.6332  540.1648
539.2471  540.8764
539.2583  540.7315
539.6984  541.2027
539.7120  541.3617
539.8000  541.6569
539.9029  541.8283
540.0289  542.0062
540.0659  541.8197
540.5486  542.0809
541.0399  542.5906
541.0840  542.5944
541.2987  542.7576
541.3750  542.9529
541.6339  543.5152
541.6828  543.8331
541.7305  543.8925
542.4935  543.8954
543.0156  544.7750
543.0412  544.7876
543.2160  545.0010
543.9163  545.4920
543.9520  545.5926
544.5304  546.1353
544.7843  546.6049
544.8121  546.4489
545.0909  546.6636
545.3060  547.0624
545.4077  547.3609
545.4119  547.2084
545.4822  547.3795
546.0112  547.6383
546.0785  547.7209
546.1325  547.7511
546.5214  548.1192
547.0427  548.5234
547.2334  549.0393
547.2688  548.9834
547.3673  549.2023
548.3040  549.8369
548.6414  550.3385
548.7977  550.4572
549.9336  551.3789
550.5205  552.1082
551.2248  552.7413
551.4668  552.9617
551.5297  553.1399
551.9681  553.3264
552.1526  553.5234
552.6031  554.0313
552.6333  554.2136
553.4811  554.9857
553.5841  555.1222
553.6931  555.4194
553.7168  555.4104
553.8371  555.3781
554.8220  556.4766
555.3601  556.9565
555.8887  557.3459
556.0869  557.6206
556.2510  557.8746
556.3538  557.9948
556.4508  558.2049
557.2759  558.9002
557.2800  559.1476
557.3828  559.4800
557.4271  559.7071
557.4619  559.5899
557.6640  559.9993
557.7436  560.2495
557.9555  560.7612
557.9575  560.6892
558.2486  561.1510
558.3030  561.2603
558.3349  561.1828
558.4448  561.3983
558.7082  561.6371
558.8221  561.7345
559.0519  562.1430
559.1091  562.2239
559.1240  562.0877
559.3148  562.2062
559.3967  562.4060
559.8256  562.4793
559.9251  562.6781
560.2500  562.6028
560.5174  562.7623
560.7862  562.8881
560.9867  563.0221
561.0785  563.0321
561.1000  563.0878
561.4353  563.2171
561.6581  563.3403
561.7947  563.8197
561.8739  563.9965
561.9322  564.1015
561.9323  564.0364
562.0504  564.2127
562.2910  564.4636
562.7172  564.5589
562.7409  564.4722
562.9343  564.6785
563.7637  565.1289
564.0050  565.8327
564.0641  565.8508
564.0797  565.8440
564.2171  566.0527
564.2585  565.9814
564.8898  566.4235
564.8908  566.4302
565.0394  566.7159
565.1250  566.6267
565.5654  567.1518
565.5810  567.1685
565.7905  567.3137
565.9637  567.5621
566.0074  567.5398
566.3319  567.7128
566.5708  568.1501
566.8179  568.3446
566.9385  568.5828
567.1831  568.6380
567.2203  568.6669
567.4029  568.9651
567.4930  569.2381
567.5496  569.2024
567.8018  569.4605
568.0378  569.5966
568.8071  570.3482
568.9905  570.4141
569.1733  570.6916
569.2822  570.9452
569.4098  570.8697
570.3958  571.8356
570.8280  572.1880
571.5566  573.5264
571.5621  573.4630
571.6420  573.7497
571.8322  573.8177
571.9990  573.8863
572.1687  574.1155
572.6420  574.3181
572.7819  574.5474
572.8061  574.7008
572.9051  574.6944
573.3914  574.9431
573.6512  574.9969
573.8448  575.2712
574.0140  575.5571
574.4460  575.7821
574.9465  576.4071
575.0563  576.4851
575.3474  576.9076
575.4464  576.8801
575.9812  577.5281
576.4890  578.4872
576.5762  578.8812
576.6117  578.9226
576.6269  578.8888
577.0354  579.2309
577.2329  579.5083
577.7885  579.5303
577.8547  579.6963
578.5222  580.0014
578.6262  580.1271
579.6473  581.3392
579.6675  581.6121
579.7731  581.7083
579.8142  581.5467
579.8599  581.7028
580.8764  582.3826
581.0496  582.4786
581.1286  583.0316
581.1539  582.8985
581.5410  583.4994
581.6335  583.6637
581.7407  583.7867
581.8520  584.0106
582.0662  584.1321
582.2926  584.1202
582.4486  584.2981
583.3780  584.9192
583.8019  585.3356
584.0981  585.4177
584.2984  585.7607
584.8950  586.4496
585.1291  586.4701
585.2485  586.8330
585.7432  587.1792
586.0070  587.4159
586.2289  587.6835
586.2809  587.7939
587.1882  588.6037
587.3207  588.8794
587.3393  588.8883
587.4460  589.1686
587.6673  589.0546
588.0833  589.7596
588.1211  589.7082
588.1791  589.8601
588.7103  590.1286
589.0455  590.4620
589.1806  590.6089
589.4345  591.1306
589.4489  591.2223
590.0402  591.7722
590.1103  591.7004
590.5502  591.8953
590.8789  592.6358
590.9204  592.7347
590.9419  592.9594
591.0793  593.0245
591.1660  593.1964
591.2339  593.0187
591.8177  593.2452
592.0431  593.3605
592.5145  593.8605
592.8507  594.3875
592.8546  594.5069
593.3887  594.8003
593.4552  594.9035
593.6149  595.0248
593.7990  595.3610
594.0133  595.3524
594.8052  596.2841
594.9224  596.2435
595.0609  596.5389
595.0767  596.6234
595.6370  597.1543
595.7286  597.1441
596.5834  597.9957
596.8661  598.3525
596.9598  598.3861
597.1069  598.6309
597.5658  599.1250
598.0778  599.6416
598.7249  600.5172
598.7871  600.4409
598.8564  600.5941
599.0779  600.7240
599.3929  600.7731
599.6893  601.2631
599.7141  601.2522
600.1720  601.6567
600.4604  601.9802
600.7671  602.1558
600.9442  602.2753
601.7966  603.1159
602.0913  603.4669
602.5666  603.9928
602.7658  604.1297
603.1023  604.7255
603.1791  604.7705
603.6376  605.0226
603.7760  605.5182
603.8246  605.4076
603.8634  605.5276
604.0498  605.5873
604.0814  605.6950
604.4861  606.0619
604.5453  606.0411
604.7332  606.2046
606.5641  608.1508
607.3176  608.6726
607.5354  609.2075
607.5770  609.2945
607.6143  609.4296
607.7290  609.6271
607.9006  609.7443
608.0555  609.8176
608.5931  610.3061
608.6927  610.5487
608.6960  610.4266
608.8084  610.4205
609.0362  610.6730
609.4133  611.0160
610.1692  611.5852
610.2583  611.7811
610.3827  612.2038
610.5143  612.3323
610.8626  612.3164
611.3174  612.7823
611.6377  613.3814
611.6503  613.3246
611.7549  613.3556
612.0450  613.7244
612.1310  613.6743
612.2931  614.0113
612.4010  614.1372
612.4101  614.1986
612.5888  614.1561
612.6293  614.3141
613.1067  614.6501
613.1762  614.7865
613.7538  615.1936
613.8356  615.2124
614.0995  615.6778
614.4164  615.7644
615.0135  616.5746
615.1306  616.6241
615.6033  616.9189
615.8709  617.2675
617.3952  619.0115
617.7606  619.2490
617.9305  619.6444
618.0468  619.6034
618.2479  619.8786
618.7402  620.2802
619.0279  620.4673
619.4646  621.1608
619.4778  621.0831
619.9415  621.5528
620.1449  621.5879
620.7368  622.4140
620.8222  622.2422
621.0757  622.6093
621.2187  622.6635
621.5544  623.3177
621.6093  623.3890
622.1762  623.8220
622.2948  624.0774
622.3260  624.1164
622.4436  624.1044
622.8842  624.3856
623.0251  624.7017
623.0770  624.6674
623.4522  625.0137
623.7859  625.2991
623.8507  625.3999
624.0053  625.6481
624.3125  625.8897
624.3564  625.9931
624.4973  626.2635
624.5745  626.2345
624.6617  626.4470
625.0371  626.7201
626.0316  627.5515
626.1399  627.5008
626.2302  627.8309
626.4514  627.9826
626.9376  628.4580
627.1650  628.7217
627.5887  629.0326
627.6843  629.1252
627.9918  629.6457
628.0866  629.5019
628.2583  629.9699
628.9777  630.3338
629.3291  630.9232
629.4367  631.1821
629.4381  631.0787
629.7627  631.1975
629.9810  631.4578
630.3447  631.8129
630.4625  631.9316
630.6687  632.2720
630.8836  632.5476
630.9214  632.4088
631.0480  632.5528
631.6865  633.1968
631.6945  633.2522
631.7577  633.3172
632.3051  633.8529
632.3263  633.9643
632.4804  633.9069
633.2973  634.9554
633.8383  635.8531
633.8502  635.7080
633.8830  635.8561
633.9654  635.8769
634.0614  636.0402
634.4279  636.1799
634.7518  636.3391
634.9245  636.5224
635.2269  636.5589
635.7252  637.1962
635.8186  637.2616
636.4716  637.8702
636.8304  638.3977
637.0103  638.5919
637.3347  638.6864
637.7702  639.3545
638.5158  640.1670
638.8233  640.3878
638.8790  640.6012
639.0583  640.8952
639.5805  640.9864
639.9606  641.3610
640.2872  642.0059
640.3115  642.0051
640.3595  642.0247
640.7947  642.1367
641.8252  643.3951
641.9747  643.3775
642.4129  643.9423
642.6182  644.0150
642.6941  644.3128
642.9128  644.5244
642.9175  644.3667
643.0835  644.6470
643.1648  644.8456
643.3232  644.7337
644.1691  645.9539
644.1751  646.0137
644.2143  646.1560
644.3520  646.1333
644.4429  646.1366
644.6956  646.2412
644.9072  646.4306
645.0983  646.7053
645.5916  647.3249
645.6364  647.2838
646.1883  647.7782
646.2174  647.8787
646.6527  648.2594
646.6968  648.2716
646.7767  648.3356
646.8325  648.5419
647.7359  649.1657
647.7890  649.3092
647.9889  649.6953
648.1245  649.7601
648.5215  650.1226
648.5470  650.3609
648.7524  650.5014
648.7964  650.4779
648.8242  650.5452
649.0400  650.7207
649.2434  650.6434
649.4644  651.2156
649.4689  651.0878
649.6096  651.1817
649.9874  651.4353
650.2112  651.7035
650.3973  651.7420
650.6204  652.4156
650.6302  652.3555
651.4174  652.9735
651.9365  653.3105
652.6166  654.1028
652.9026  654.4891
652.9396  654.5173
653.6440  655.0585
654.3102  655.6990
654.8270  656.4454
655.9683  657.5436
656.3725  657.8655
656.5628  658.0876
656.6977  658.3609
656.7659  658.4802
656.9341  658.6587
657.0084  658.8106
657.1597  658.9220
657.3780  659.1324
657.4633  659.2552
657.8866  659.9051
657.9293  660.1168
657.9377  660.0907
657.9458  660.0272
657.9869  660.1986
658.2049  660.2511
658.7856  660.3403
659.0912  660.5941
659.4307  661.1361
659.4456  661.1292
659.7854  661.3451
659.9147  661.6047
659.9566  661.8603
660.0602  662.0650
660.2522  662.2436
660.2877  662.3660
660.3549  662.4110
660.9347  662.4097
661.2307  662.7651
661.7669  663.4145
661.8043  663.3622
661.9547  663.4082
662.4647  663.8771
662.5329  664.0452
662.9523  664.4060
663.1452  664.7715
663.2255  664.7057
663.9150  665.4770
664.2231  665.7401
664.2720  665.7262
664.7938  666.2144
664.9326  666.3557
665.9894  667.6985
666.0015  667.7237
666.1530  668.0935
666.2948  668.0699
666.3777  668.2563
667.0400  668.5786
667.1421  668.8592
667.1991  668.9514
667.3982  669.0347
667.4467  669.1391
668.0254  669.5088
668.3600  669.9194
668.4006  670.2817
668.4045  670.3230
668.5448  670.6009
668.5928  670.7230
668.7995  670.7690
669.0633  671.0678
669.3008  671.2461
669.4609  671.2377
669.5406  671.4816
669.7428  671.5654
669.9260  671.6431
670.3449  671.8365
671.0466  672.5735
671.2642  672.8183
671.8913  673.5184
672.0873  673.8285
672.1489  673.7813
672.6314  674.6291
672.6496  674.4997
672.6686  674.5391
672.7183  674.5660
672.7531  674.5670
673.2056  674.8057
673.2667  674.9215
673.5548  675.2662
673.9899  675.5315
674.0317  675.8933
674.1029  676.3606
674.1917  676.4436
674.1946  676.3293
674.4151  676.5628
674.8328  676.6526
675.6673  677.0834
675.9031  677.4787
675.9440  677.5979
676.3774  677.8936
676.4232  677.9895
676.5609  678.1160
676.9933  678.5134
677.0483  678.6872
677.1298  678.7738
677.5664  679.3541
677.6033  679.5369
677.7113  679.6771
677.7433  679.7117
677.9390  680.0049
678.0598  680.1124
678.0610  680.0933
678.1250  680.0837
678.3934  680.3149
678.3977  680.1175
679.6183  680.9853
679.6928  681.4060
679.8372  681.6027
679.8430  681.5790
680.0693  681.7848
680.4101  682.1103
680.5024  682.2601
680.6440  682.6127
680.7854  682.7711
680.9412  682.6921
681.2216  683.0164
681.4908  682.9686
682.0842  683.4061
682.4490  684.0266
683.5329  685.2422
683.6286  685.2569
683.6573  685.3794
684.0642  685.9211
685.7097  687.2340
685.8969  687.3376
686.2980  687.7867
686.6265  688.0218
687.0074  688.4442
687.3665  688.7267
687.8967  689.5643
688.0055  690.1481
688.0089  690.0632
688.0520  690.0171
688.0638  690.2255
688.1547  690.0881
688.6730  690.3438
688.9425  690.3935
689.0452  690.6034
689.6748  691.0748
690.0130  691.4112
690.8290  692.3828
690.9840  692.6455
691.2034  692.7973
691.2879  692.7955
691.2880  692.7892
691.5875  693.2162
691.6362  693.1722
691.8741  693.8245
691.9134  693.9846
691.9168  693.9268
691.9263  693.9576
692.9463  694.3382
693.2145  694.5897
693.9277  695.4350
694.2689  695.7412
694.6314  696.2626
694.9714  696.8169
694.9813  697.0137
695.0148  697.0321
695.3228  697.1331
695.3487  697.1990
696.4070  697.9672
696.5970  698.0629
696.9262  698.3782
697.1783  698.8983
697.2344  698.8625
697.4060  699.1931
697.5911  699.0691
697.8429  699.3578
698.2838  699.6843
698.3744  699.8686
698.7153  700.2905
699.0995  700.7766
699.3976  700.9043
699.4310  701.0424
700.0845  701.7545
700.1571  701.9577
700.2179  701.8755
700.2189  702.0510
701.2892  702.7053
701.7874  703.1843
702.3013  703.8966
702.5776  704.0860
702.7917  704.2327
703.0600  704.5414
703.0706  704.5414
703.6980  705.0859
704.2613  705.5988
704.3980  705.8987
704.7368  706.2685
705.6018  706.9694
705.8534  707.3854
706.2705  707.6771
706.7745  708.2293
706.9300  708.2619
708.1462  709.5774
708.3656  709.7870
708.5363  710.4344
708.5531  710.2823
708.5888  710.3519
708.6988  710.4686
709.2427  710.8110
709.2515  710.8977
709.2925  710.8256
709.7597  711.2870
710.5702  711.9100
710.9663  712.5399
711.0526  712.7267
711.1508  712.9668
711.1695  712.9669
711.3661  712.9349
711.5438  713.1344
711.6808  713.2972
712.3215  713.8297
713.3625  715.0717
713.4803  715.2813
713.4819  715.2998
714.0345  715.4811
714.1128  715.5278
714.2581  715.6838
714.4793  715.9258
715.2184  716.8785
715.2656  716.9152
715.2684  717.1177
715.7297  717.3351
717.0588  718.5928
717.1293  718.8351
718.0150  719.4389
718.5394  720.0970
718.7337  720.1707
718.7987  720.4333
719.4817  721.1169
719.5215  721.1230
719.8337  721.2758
720.1367  721.6382
720.3631  721.9254
720.8238  722.3788
721.1946  722.6004
721.6771  723.2849
721.7587  723.3315
722.4568  723.9545
723.3888  724.7979
723.4632  724.8268
724.7030  726.1770
724.8575  726.1978
725.0699  726.5087
725.2419  726.8254
725.4323  726.8278
725.6805  727.2222
725.8849  727.2906
725.9601  727.4537
726.7759  728.2844
726.8906  728.3836
727.1678  728.6994
727.7313  729.5768
727.7450  729.8708
727.8598  730.2514
727.8636  730.0531
727.8922  730.1592
727.9590  730.3330
727.9913  730.1993
728.2049  730.3875
728.3697  730.4384
728.5946  730.5708
729.4871  730.8623
729.6930  731.1018
730.2726  731.8018
730.6562  732.0254
730.9049  732.2807
731.0117  732.5609
731.5790  733.1902
731.8770  733.3568
732.2439  733.8259
732.4518  734.1876
732.5510  734.3056
733.3121  734.8997
733.4869  735.0339
733.5871  735.3479
733.6886  735.5864
733.7144  735.4236
734.2316  735.6355
734.3812  735.7944
734.4806  735.9674
734.6556  736.2421
734.7957  736.4016
734.9266  736.7555
735.1816  736.9792
735.3995  737.1066
735.5221  737.1707
735.5644  737.2472
735.6701  737.4350
736.4809  738.3999
736.6261  738.3855
737.2420  738.7428
737.4860  739.1022
737.6498  739.0522
737.8568  739.6596
738.0180  740.0040
738.0393  739.8897
738.1167  740.0599
738.1360  740.1518
738.2359  740.3072
738.2601  740.3943
738.5051  740.4916
738.6611  740.4810
738.8903  740.5515
739.2941  740.7496
739.4605  741.0973
739.5060  740.9015
739.7197  741.1938
739.8212  741.2514
739.9751  741.5437
740.1167  741.9616
740.2766  742.0697
740.3684  742.2423
740.5816  742.3064
741.3396  743.1502
743.1290  744.8179
743.1532  744.9385
743.2601  745.2655
743.3058  745.3860
743.5716  745.5330
744.0308  745.5931
744.3621  745.9179
744.4673  745.9324
744.9374  746.5396
745.1776  746.4966
745.4996  747.0043
745.5713  747.0729
746.1871  747.6679
746.5970  748.1895
746.6153  748.0338
747.5278  748.9954
747.8320  749.3635
747.9445  749.8562
748.0332  749.8559
748.0477  749.8906
748.5290  749.8901
749.0279  750.4016
749.3215  750.7964
749.6614  751.1326
749.7707  751.1534
750.7155  752.2291
751.6392  752.9836
752.0075  753.5292
752.2175  753.6298
752.3690  754.0084
752.4322  754.0942
752.6823  754.0130
753.3265  755.0530
753.4016  755.0608
753.4663  755.1613
753.7828  755.2030
754.4854  756.0652
754.7975  756.2713
756.7732  758.4150
756.7789  758.6289
756.9681  758.6325
757.0473  758.6049
757.4154  758.9877
757.8499  759.4336
757.9682  759.5799
758.5064  759.9919
758.6058  760.0830
758.6742  760.1222
758.8033  760.3509
758.9204  760.7350
758.9652  760.8957
759.1398  761.0618
759.1453  761.2246
759.1485  761.1962
759.2292  761.2742
759.7254  761.4885
760.2152  761.5606
760.8197  762.2859
760.8863  762.3358
761.1732  762.7527
761.7798  763.2340
761.8476  763.5994
761.9734  763.7464
762.3139  763.8723
762.3475  764.0321
762.4058  764.0210
762.7263  764.1442
762.8191  764.3981
763.0167  764.4172
763.1498  764.9072
763.1623  764.9533
763.2198  765.2112
763.2745  765.2187
763.7490  765.2269
763.8518  765.4130
764.2173  765.7296
764.5250  766.3615
764.5309  766.2817
764.6977  766.4985
765.3494  766.8504
765.5980  766.9115
765.7684  767.3476
766.0375  767.5026
766.3813  767.8560
766.5340  768.0979
766.9743  768.5237
767.7802  769.2927
767.8490  769.3132
768.1596  769.6994
768.5714  769.9992
768.7761  770.3256
769.3948  770.7215
769.6761  771.0454
769.9347  771.4974
770.2172  772.0053
770.3000  772.1315
770.3818  772.1464
770.7283  772.2326
771.4243  772.9095
771.4702  772.9074
772.0142  773.4498
772.4809  774.0980
772.5029  774.1138
772.5981  774.2945
772.6587  774.3464
772.6872  774.5240
773.0767  774.6454
773.1537  774.5455
774.0117  775.5848
774.1457  775.5060
774.2909  775.9035
775.0635  776.4351
775.7264  777.3205
776.2195  778.0559
776.2259  777.8277
776.2990  778.0359
776.3575  778.1663
776.6438  778.3739
776.7251  778.3020
777.2953  778.7731
777.3828  778.9615
777.4387  779.0564
778.2143  779.8071
778.2927  779.9472
778.4393  780.1121
778.6954  780.5654
778.8099  780.4779
779.0175  780.7188
779.3922  781.6803
779.3965  781.7453
779.4136  781.9096
779.6542  782.1318
780.2895  782.3589
780.9294  782.7216
781.0247  782.7087
781.2176  783.0269
781.4625  782.8900
781.6724  783.5833
781.8653  783.7762
781.9634  783.7289
782.4761  784.0854
782.9671  784.4808
783.1522  784.7936
783.8088  785.2974
784.0031  785.5653
784.3047  785.8530
784.5052  785.9642
784.6461  786.3181
784.8247  786.3947
785.4636  787.1620
785.5113  787.0371
785.6477  787.2359
785.8746  787.3269
785.9532  787.4973
785.9684  787.6465
786.1702  787.8190
786.3099  788.0822
786.3218  788.0005
786.6015  788.1281
787.0064  788.6658
787.1091  788.9527
787.1274  788.9082
787.5559  789.4666
787.5662  789.4907
787.7954  789.7728
787.8191  789.7292
788.0791  789.6899
788.6869  790.2333
788.7519  790.5645
788.7725  790.6077
789.0661  791.1246
789.1635  791.2312
789.2048  791.3922
789.2676  791.2741
789.4574  791.5610
790.0058  791.5306
790.1894  791.8496
790.8772  792.3015
791.1704  792.5621
791.9494  793.5816
792.3003  793.8832
792.3054  794.0410
792.7452  794.1284
793.7299  795.2806
793.9902  795.4079
794.3456  795.7418
794.4330  796.0531
794.4817  796.1218
794.8447  796.5599
794.9289  796.6268
795.1349  796.4727
795.4538  796.9959
795.4586  797.1275
795.4630  797.2565
795.7707  797.4351
795.8159  797.3589
795.9265  797.4636
796.2094  797.6733
796.3179  797.8148
796.4998  798.1684
796.5849  798.1233
797.4704  798.9291
797.9061  799.5975
798.1767  800.0513
798.2178  800.0685
798.2978  800.1665
799.2054  800.7089
799.5982  801.0407
799.7640  801.4727
799.9486  801.4682
800.1437  801.7263
800.5791  802.0737
801.8560  803.5737
802.7385  804.2791
802.9632  804.4964
803.9756  805.4395
804.4032  805.7702
804.5731  806.0877
804.8692  806.5974
804.9149  806.8369
805.0610  807.3098
805.0700  807.5609
805.1179  807.4001
805.1505  807.6055
805.2095  807.4152
805.3640  807.5909
806.3746  807.8345
806.4912  808.1700
806.4959  808.2088
806.6068  808.3881
806.6542  808.4024
807.1023  808.5644
807.1460  808.7138
807.6075  809.1635
807.6140  809.1252
807.8273  809.4603
807.8676  809.5596
808.0798  809.8388
808.1917  809.8486
808.4925  809.8828
808.6544  810.2688
808.8928  810.3175
809.2286  810.8636
809.3005  810.7707
810.1886  812.0187
810.1977  812.2989
810.2288  812.2685
810.2509  812.4776
810.3470  812.5180
810.3674  812.7146
810.6983  812.8977
811.2615  813.3495
811.2664  813.4898
811.3188  813.5098
811.4412  813.6655
811.6518  813.5661
811.7087  813.8303
812.3881  813.9220
812.9771  814.5436
813.4930  814.9153
813.6499  815.1952
814.6047  816.2277
814.6560  816.3484
814.7305  816.6503
815.0165  816.6980
815.1726  816.8641
815.6120  816.9602
815.8017  817.3097
815.8133  817.4794
816.4433  817.9171
816.4990  818.2100
816.5346  818.3756
816.5838  818.6280
816.8238  818.5862
816.9503  818.6742
817.5463  818.8924
817.7453  819.5470
817.7747  819.3543
817.9908  819.5947
818.2357  819.6646
818.3340  820.0007
819.1085  820.6184
819.1382  820.7295
819.2066  820.8735
819.4739  821.0772
819.6575  821.5323
819.6756  821.6225
819.7540  821.6646
819.8778  821.4796
820.6439  822.0218
821.4841  823.3032
821.4940  823.3453
821.5032  823.1038
821.6850  823.5248
821.8166  823.6468
822.0399  823.4953
822.3538  823.8797
822.5117  824.2657
822.5371  824.4889
822.5392  824.5806
822.6143  824.6322
822.6965  824.6349
823.0308  824.8773
823.1514  825.0528
823.2478  825.0531
823.2610  825.1284
823.4999  825.3332
823.7707  825.3975
823.9968  825.4335
824.1142  825.5789
824.7008  826.3670
825.1534  826.7050
825.4616  827.0360
825.8409  827.5436
825.8738  827.8044
825.9095  827.8765
826.0865  827.8199
826.0923  828.0369
826.7859  828.2383
826.8178  828.3349
827.5308  828.9944
827.6481  829.1879
827.7876  829.3652
827.8348  829.6910
827.8970  829.6148
827.9546  829.9552
828.0690  829.8417
828.3871  830.1175
828.4676  830.1429
828.8613  830.4328
829.2288  830.9826
829.3635  830.9451
829.9339  831.5666
830.7519  832.1472
830.8999  832.2888
831.2568  832.7882
831.9948  833.6023
832.2085  833.9886
832.3359  834.0421
832.9678  834.5297
833.1062  834.5375
833.2613  834.7238
833.5664  835.1501
833.6354  835.1386
833.7505  835.4699
834.0098  835.5677
834.8640  836.2507
834.9198  836.4910
835.3179  837.1172
835.4716  837.4504
835.4771  837.4684
835.5191  837.5148
835.5887  837.5387
836.0116  837.6455
836.4496  837.7785
836.8514  838.2697
837.1260  838.6005
837.3843  839.0642
837.4294  839.1488
837.4978  839.0808
838.3989  839.8123
838.5118  839.8546
838.7936  840.2923
838.9917  840.4623
839.2701  840.7319
839.4526  840.9819
839.4870  841.1760
839.5650  841.2117
839.7527  841.2419
840.1999  841.5986
840.6150  842.0312
840.6439  842.1527
840.8384  842.5339
840.9354  842.7930
841.0449  842.8057
841.1865  842.7016
841.9167  843.5708
841.9324  843.7128
841.9706  843.6259
842.2849  843.8885
843.3735  844.8205
843.8046  845.3820
844.1593  845.6457
844.4083  846.0928
844.4610  846.0977
844.7239  846.3689
844.9812  846.3209
845.4017  846.8395
845.7134  847.4202
845.7542  847.4044
846.0458  847.5363
846.2624  847.6972
846.8022  848.2895
847.1124  848.7722
847.1323  848.8197
847.2022  849.1315
847.4452  849.1179
847.8404  849.5616
847.9172  849.3870
848.4652  849.9304
848.6099  850.1047
848.7866  850.3808
849.6310  851.0942
849.7867  851.4094
849.9862  851.4208
850.3143  851.6682
850.6371  852.0742
850.7903  852.2534
850.9598  852.4685
850.9743  852.5160
851.1154  853.0979
851.5169  853.6167
851.5593  853.7555
851.5990  853.7443
851.8694  853.7148
852.7386  854.3258
852.8998  854.5518
852.9930  855.2182
852.9943  855.3080
853.0571  855.3153
853.1676  855.4027
853.4990  855.7381
853.5724  855.5161
853.7978  855.7466
853.9111  855.7168
854.3220  856.0711
854.4080  856.1922
854.4733  856.1049
855.2812  856.7618
855.3579  856.8213
855.7119  857.4383
855.7185  857.3554
856.0715  857.5254
856.1616  857.6772
856.3649  857.8110
856.5125  857.8842
856.7055  858.1222
856.8434  858.3646
857.4994  859.1301
857.5665  859.1216
858.2176  859.7171
858.4796  860.1359
858.5614  860.3436
858.6800  860.2745
859.2020  860.9913
859.3725  861.0589
859.3798  861.0442
859.6079  861.3282
859.9874  861.4409
860.8433  862.7052
860.9329  862.9544
860.9367  863.0597
861.1539  863.0801
861.7938  863.5412
861.8216  863.3814
862.0981  863.9743
862.1277  863.8006
862.2692  863.9279
862.3396  864.2129
862.6209  864.2767
863.2972  864.9881
863.3111  864.9362
863.5775  864.9753
863.7681  865.2261
864.2504  865.8403
864.2973  865.8901
865.6138  867.0174
866.1301  867.6043
867.0311  868.6040
867.3975  869.0660
867.4926  869.0792
867.9048  869.4543
867.9460  869.6911
867.9507  869.6863
868.2488  869.9842
868.3299  870.2369
868.3545  870.2923
868.4153  870.5537
868.4953  870.4940
868.5610  870.6425
868.8003  870.6978
869.1445  870.9428
869.2858  871.2024
869.8613  871.4162
870.0128  871.4152
870.0757  871.5901
870.4607  871.8058
871.3405  872.7289
871.7563  873.2267
871.7742  873.4399
871.9222  873.5168
871.9614  873.4990
872.2654  874.2609
872.2868  874.1971
872.3192  874.1992
872.3355  874.2677
872.4291  874.4419
872.6741  874.5056
873.0444  874.7357
873.1256  874.8696
873.2795  875.3506
873.3057  875.3602
873.3130  875.2310
873.3503  875.4318
873.4995  875.2721
873.9359  875.7896
873.9402  875.8324
874.1975  875.9633
874.3028  875.9754
874.6100  876.3191
874.6430  876.1723
874.9750  876.3500
875.4315  877.1340
875.4810  877.2382
876.5423  877.9375
876.7813  878.1194
877.1308  878.6894
877.1345  878.7584
877.4046  879.2091
877.5787  879.4515
877.6727  879.7539
877.7168  879.6245
877.7520  879.6979
877.8476  879.8197
878.0726  879.9201
878.6112  880.0688
878.6181  880.1600
878.8709  880.3472
879.0740  880.5478
879.1485  880.7550
879.9500  881.4745
880.3501  881.7796
880.8029  882.5841
880.8536  882.7115
880.8636  882.6010
880.9722  882.8493
881.1504  882.7862
881.5233  882.9920
882.7684  884.3000
883.0621  884.7177
883.0877  884.4909
883.3051  884.6282
883.4880  885.2122
883.5434  885.2984
883.7156  885.1949
884.0352  885.3645
884.4163  885.7381
885.0523  886.4663
885.8936  887.3363
886.3290  887.8617
886.4018  888.0096
886.5155  888.1221
886.6906  888.2572
886.9649  888.3580
887.2433  888.7781
887.4166  889.0513
887.4183  889.1508
887.7516  889.3754
888.0985  890.0059
888.1248  890.0478
888.2704  890.2207
888.6585  890.4203
888.7583  890.7076
888.8550  890.5542
889.2761  891.2952
889.3616  891.3345
889.4530  891.3562
889.5175  891.5727
890.4160  891.8397
890.4427  892.0370
890.6522  892.0016
891.4364  892.8816
891.5919  893.1957
891.9496  893.5175
891.9722  893.6773
892.1029  893.9595
892.1529  894.0094
892.5480  894.4797
892.5698  894.6164
892.7617  894.6569
892.9209  894.8042
892.9563  894.6667
893.5787  895.1705
894.4749  896.0561
895.4064  896.8752
895.7407  897.2799
895.8621  897.4382
896.8448  898.2433
896.8711  898.4548
897.7171  899.1356
897.7292  899.2126
898.3647  899.9606
898.5422  900.0896
898.5984  900.0821
898.8430  900.3886
898.9669  900.4174
899.0288  900.7747
899.2338  900.6827
900.1938  901.5823
900.3471  901.8119
900.3898  902.0057
901.2134  902.6550
901.9432  903.8222
902.0882  904.2887
902.0900  904.3789
902.1076  904.3299
902.2059  904.4055
902.2705  904.6833
902.3121  904.5544
903.1175  905.1220
903.1640  905.0113
903.1855  905.2283
903.5845  905.4677
903.8350  906.0729
903.8782  905.9894
904.2046  906.3082
905.0550  906.4648
905.1541  906.7594
905.1624  906.9407
905.5825  906.9503
905.8470  907.2927
906.2544  907.6496
906.5565  908.1911
906.6495  908.1883
906.8733  908.6990
906.8927  908.5234
906.9055  908.5963
907.4768  909.0669
907.5195  909.0154
908.4039  909.8292
908.5544  910.0726
908.5837  910.4098
908.6643  910.3661
908.9005  910.6282
909.0855  910.7133
909.4937  910.8902
910.6820  912.0362
911.1995  912.9362
911.2310  912.9814
911.4820  913.4601
911.4835  913.4437
911.5314  913.3058
912.0606  913.5393
912.2689  913.5916
912.7994  914.4775
912.8375  914.4197
913.6110  915.1490
914.6870  916.0638
915.2630  916.6327
915.6244  917.2853
915.7097  917.5679
915.7133  917.6742
916.0499  918.1666
916.1241  918.2177
916.2723  918.3295
916.3667  918.3722
916.8081  918.5080
917.2874  918.8414
917.4397  918.9748
917.8911  919.4115
918.0975  919.7015
918.5123  919.9880
918.7764  920.0918
918.8980  920.5530
919.2600  920.6464
919.4130  920.7575
919.5937  921.1965
920.0192  921.5150
920.1529  921.8941
920.2389  921.9457
920.3740  922.3514
920.4090  922.3576
920.4630  922.3750
920.5032  922.6556
920.5050  922.6275
921.0313  922.7753
921.3110  922.9069
921.5371  922.9669
922.3733  923.9162
922.4158  924.0986
922.5077  924.1307
922.9608  924.4643
923.0333  924.6326
923.2688  924.7341
923.4291  924.8699
923.4839  925.0314
923.5767  925.1239
923.7108  925.3542
923.9550  925.3803
924.8656  926.5798
925.0839  926.6864
925.6033  927.0497
925.7965  927.2627
926.1354  927.6572
926.2611  927.7639
927.1865  928.6689
927.7621  929.3222
927.9294  929.5260
927.9344  929.6524
928.2750  929.7569
928.7030  930.2690
928.8434  930.3217
929.0870  930.4891
929.2193  931.0794
929.3643  931.2048
929.3789  931.1967
929.7107  931.3568
930.0221  931.6965
930.2157  931.8879
930.3568  932.4193
930.4256  932.4432
930.7713  932.5610
930.8777  932.5376
931.4460  932.7675
931.6011  933.3223
931.6219  933.4408
931.8087  933.8675
931.9501  934.0240
931.9795  933.8755
932.0378  933.9140
932.4280  934.2098
932.4637  934.2186
932.5552  934.2725
932.9799  934.4057
933.4333  935.0183
933.5756  935.0367
934.0858  935.4999
934.2005  935.7154
935.0126  936.6674
935.7660  937.2181
935.8395  937.4193
936.0049  937.6037
936.0701  937.6184
936.5093  938.7922
936.5470  938.9729
936.6272  939.1134
936.6511  939.0877
936.8405  939.3560
937.1735  939.3272
937.4256  939.4687
937.5879  939.4633
937.9469  939.7287
938.0540  939.7938
938.4433  939.8244
938.7208  940.2431
938.9953  940.5671
939.1063  940.7957
939.1919  940.6767
940.2758  941.9107
940.2851  941.9923
940.2879  941.9218
941.3463  942.8923
941.6072  943.2003
941.6713  943.2232
941.9455  943.5912
942.0061  943.6209
943.1577  944.7965
943.1830  944.7724
943.2877  945.1309
943.3912  945.1943
943.4842  945.2144
943.5101  945.3327
943.6098  945.5324
943.8502  945.4410
944.7916  946.2038
945.1033  946.5579
945.2469  946.6016
945.7329  947.2086
945.9262  947.3042
946.2944  947.7782
946.6787  948.3515
946.9081  948.5766
946.9797  948.7199
947.1565  948.6788
947.3383  948.8763
948.0701  949.4990
948.0822  949.5400
948.3379  949.8724
948.7795  950.3827
948.9257  950.4872
949.2648  950.8170
950.0752  951.9578
950.0999  952.0280
950.1416  952.3134
950.3010  952.5055
950.3504  952.6648
950.6450  952.9231
950.6515  952.8020
950.7571  952.9934
950.7808  953.1437
951.2611  953.2206
951.3199  953.2231
951.6486  953.3997
951.9399  953.6193
951.9715  953.6282
952.1059  953.7117
952.3263  954.2286
952.4331  954.3646
952.5604  954.6495
952.5605  954.7202
952.6508  954.7565
952.7327  954.9213
952.7737  954.8538
952.7926  955.1075
953.0645  955.0897
953.1198  955.0783
953.8353  955.3537
953.9097  955.8943
953.9525  956.0384
953.9601  956.1316
954.1286  956.4216
954.3703  956.4954
954.4781  956.6782
954.6172  956.6691
954.8854  956.7970
954.9170  956.8890
955.2883  957.3011
955.2957  957.2561
955.3283  957.2313
955.6320  957.3913
955.7200  957.6968
955.9618  957.7308
956.0316  958.0752
956.2919  958.4120
956.3434  958.3453
956.6821  958.5449
956.9776  958.5906
957.3616  958.8101
957.4942  959.1790
957.5580  959.3230
957.6669  959.5790
957.7384  959.7363
957.7656  959.7144
957.9903  959.5847
958.3743  959.9416
958.7586  960.3428
958.7866  960.5725
958.9659  960.9995
958.9895  961.0872
959.0461  961.1473
959.1542  961.2098
959.7330  961.4565
960.0694  961.5219
960.3885  961.8076
960.6183  962.1002
960.7830  962.2142
961.0434  962.5869
961.2871  962.9105
961.3250  962.9936
961.3981  962.9707
961.6967  963.2517
961.8255  963.4070
961.8650  963.6016
962.0198  963.6226
962.9310  964.5462
963.3337  964.8586
963.9010  965.3532
963.9626  965.4711
964.1044  965.9104
964.3154  965.8738
964.8987  966.2664
965.4863  966.8459
966.4069  967.8138
966.6171  968.0569
966.7816  968.1127
966.9434  968.4174
966.9638  968.5659
967.1104  968.9001
967.1371  968.9455
967.1617  968.9569
967.5409  969.7027
967.6143  969.5179
967.6511  969.6090
967.8611  969.8134
968.3196  969.9102
968.4063  970.1552
968.4237  970.1169
968.6885  970.0744
969.3129  970.7882
969.7591  971.7546
969.7876  971.6703
969.8080  971.8639
969.9421  971.9044
970.0867  972.0828
970.4183  972.1919
970.9314  972.2957
971.1979  972.8099
971.2940  972.9493
971.7568  974.2242
971.9750  974.7494
971.9889  974.9014
972.1138  974.9656
972.1933  975.0952
972.2027  974.9960
974.5347  975.9219
974.7317  976.3062
974.8946  976.3692
975.3434  976.7343
975.6102  977.2228
975.6991  977.5269
975.7345  977.4989
975.8927  977.6919
976.5244  978.2172
976.5612  978.4696
976.7370  978.4433
976.8505  978.6667
977.1738  978.7564
977.4214  979.1211
977.5486  979.3254
977.7493  979.3700
978.1215  979.9667
978.1650  980.0898
978.3239  980.2658
978.4128  980.4844
978.4257  980.5369
978.5037  980.6234
978.5629  980.4779
978.8030  980.8216
979.2027  981.0059
979.2702  980.9251
979.5906  981.0085
979.7675  981.3147
980.6851  982.2942
980.7100  982.3335
980.8631  982.5275
981.1951  982.7496
981.3264  983.0813
981.3268  982.9985
981.4575  983.3217
981.6170  983.3558
981.6290  983.5692
981.7114  983.5784
982.1737  983.6500
983.0147  984.5056
983.1493  984.4882
984.1085  985.7466
984.2150  986.0242
984.3645  986.4185
984.4540  986.7985
984.6050  987.0579
984.6238  987.2212
984.6638  987.0403
984.6889  987.3272
984.7551  987.3308
984.9068  987.3944
985.0714  987.4154
985.1960  987.6243
985.9180  988.0619
986.1396  988.0706
986.3444  988.3497
986.4421  988.1075
987.0028  988.5088
987.4711  988.9266
987.7827  989.2793
988.0830  989.6528
988.1295  989.6475
989.1241  990.6270
989.3315  990.8273
989.5374  991.0775
989.8826  991.4218
990.6462  992.0859
990.8261  992.2153
990.8910  992.4097
991.1210  992.4501
991.2355  992.8341
991.3998  992.9537
991.6359  992.9509
992.6750  994.2481
992.9061  994.3831
993.0068  994.8259
993.0705  994.7725
993.3054  994.8449
993.8910  995.4545
995.1726  996.7236
995.6767  997.2516
996.9183  998.4996
996.9407  998.5673
997.1891  998.8418
997.2475  998.8333
997.3258  998.9075
997.9740  999.5336
998.1327  999.7130
998.2016  999.6753
998.3476  1000.0211
998.3628  999.9471
998.7296  1000.2069
998.9791  1000.3397
