0.2947	1.7477
0.7315	2.3835
2.6852	4.2449
3.9986	5.5487
4.8352	6.4437
5.8632	7.5825
6.8675	8.4739
7.6264	9.6045
7.8732	10.4591
7.9617	10.3368
8.5391	10.9392
10.0424	11.7761
11.8628	13.6989
13.1490	14.6506
13.9015	15.9294
14.2748	16.2041
16.1161	17.6800
16.2556	17.9032
16.7499	18.3675
16.9974	18.4945
17.2424	19.0629
17.8926	19.5062
18.6521	20.6104
19.0965	21.0995
19.2597	21.4276
19.4207	21.6387
19.6596	21.7698
20.1050	22.3884
21.1676	22.6354
22.2553	24.2194
23.4050	24.8136
23.7599	25.7956
23.8646	26.0315
24.7196	26.8402
24.8082	27.0519
24.8357	27.2462
25.2170	27.4524
25.5081	28.3519
26.5004	29.2411
26.5948	29.3769
27.5174	29.5806
27.8249	30.0682
28.3082	30.8443
30.0663	32.4715
30.1131	32.5363
30.1893	32.6401
30.4902	33.2163
31.3718	34.1890
31.9469	34.4909
32.1990	34.5758
32.9421	34.9603
33.3200	35.5102
33.5236	35.5249
34.5918	36.2016
35.6643	37.1445
37.0794	39.6203
37.1173	39.7096
37.1948	39.7664
37.2399	39.9545
37.4051	40.0118
37.9526	40.2951
40.0639	42.1869
40.1310	42.1650
40.2275	42.4839
40.7026	42.7103
40.7077	42.6567
41.1698	42.9362
41.7146	43.6006
42.8292	44.5241
43.0002	44.9103
43.1990	45.0304
44.1467	45.8014
45.2488	47.3530
45.5724	48.0262
46.0265	48.2700
46.1457	48.2930
47.9887	49.5720
48.2242	49.9452
49.5971	51.2499
49.7474	51.6466
50.2162	52.0152
50.3660	51.9799
51.7006	53.8322
52.1658	53.9117
52.9041	54.5691
53.0319	54.5846
54.1279	55.7431
54.6779	56.6254
54.7111	56.7344
55.1090	57.2202
55.3934	57.6906
55.4043	57.7954
55.4934	57.9597
56.2402	58.2315
57.0969	59.1915
58.8306	60.4144
60.2008	61.9439
61.1406	62.8593
62.4540	64.4313
62.6038	64.6160
64.1245	65.6041
64.6437	66.4174
64.7262	67.3213
64.9985	67.7320
65.2838	68.0570
66.7822	68.3576
67.6721	69.2974
69.5849	72.5754
69.7812	72.8373
69.9809	72.9064
70.1666	72.8578
71.6056	74.1896
71.7706	74.4034
72.1473	74.8412
74.5976	76.4223
74.6573	76.5011
75.7596	77.2659
76.2214	77.8658
77.0109	79.1202
77.9205	80.1074
78.8822	80.8828
79.6266	82.0011
79.7224	82.0535
80.3255	82.5588
81.5714	83.1767
81.8755	83.9690
82.9848	84.7805
83.0789	84.9748
84.7203	86.4408
86.4948	87.9446
87.4435	90.1206
88.4329	90.3104
89.8239	91.7115
90.8294	92.3828
91.1941	93.0703
91.2972	93.8249
91.8070	94.2801
92.1126	94.7069
92.5112	95.4854
92.7123	95.7500
93.2909	96.4203
93.5924	96.6294
93.6907	96.6264
94.0730	96.7177
94.7934	97.3118
95.1222	97.4527
95.1647	97.5538
96.2231	98.0703
96.8935	98.4603
99.9128	102.5408
99.9756	102.6980
100.1741	102.9927
100.4498	103.2845
102.4538	104.1191
103.2409	104.7817
105.8087	107.2547
106.3694	108.0490
106.9522	108.4729
108.4624	109.9760
108.8709	110.4095
109.4833	111.3686
109.5088	111.3764
110.3386	112.3065
110.9040	114.0556
111.0678	114.5468
112.1381	115.5839
114.0628	116.9669
114.1091	116.9527
114.3105	117.0073
114.4689	117.2285
115.3990	117.4312
116.2310	117.8649
116.9583	118.3651
117.7300	119.7924
117.8189	120.1648
117.8495	120.1369
118.4016	121.0629
118.4628	121.1900
118.8307	121.7141
119.2967	122.0093
120.5372	122.3994
123.1458	124.8710
123.8056	126.0749
123.8583	126.3550
123.9465	126.4913
124.1470	126.8794
124.1808	126.7571
124.6336	127.1032
124.9407	127.4015
125.3659	127.6277
125.6244	127.9711
126.0372	128.4089
126.2837	128.9630
126.7810	129.5744
126.8925	129.8812
127.2926	129.9597
127.3309	129.8428
128.4779	130.9596
128.5484	131.2099
128.6915	131.6693
128.8146	131.9977
129.2395	132.5108
129.2559	132.6640
130.4041	133.1505
131.7159	133.5233
132.2473	134.2832
132.4889	134.9077
133.2257	135.4794
133.4084	135.7431
134.4458	136.4138
134.4620	136.5755
135.2428	136.8511
135.7135	137.9550
135.9143	138.0443
136.1695	138.0435
137.0787	138.6395
138.0478	139.9630
138.5852	140.3326
138.9376	141.4561
138.9780	141.5978
139.2522	142.4022
139.3784	142.5866
139.7437	143.1568
142.1896	144.1487
142.9699	144.8556
143.0603	144.9732
143.8567	146.8389
143.8633	146.9761
144.5037	148.5015
144.7627	149.0951
145.3198	150.1029
145.5442	150.4153
145.6967	150.6592
146.2623	151.3550
147.0071	151.9695
147.8841	152.6206
150.4016	153.9187
150.4856	154.0721
150.7644	154.3418
152.6206	156.1249
153.0525	156.6128
153.2068	156.4637
153.9420	156.7249
154.5770	156.9984
155.3143	157.6137
156.3087	158.5665
157.2617	158.8710
157.9341	159.4079
158.6930	160.6401
159.3031	161.5633
159.9383	161.5466
160.4411	162.0272
160.8850	162.4127
161.4137	163.0679
162.0215	163.9490
162.4355	164.0978
162.7101	164.5411
162.7967	164.5567
163.4541	165.0609
164.3602	165.9091
164.8871	166.6171
165.0005	166.8665
165.3529	167.2006
165.6039	167.2832
166.6641	168.3327
166.8488	168.7814
167.4854	169.5133
167.8884	169.8641
168.8537	170.5189
168.9076	170.4910
169.3595	171.5475
170.2112	172.0577
170.4723	172.2271
172.3493	174.5576
172.4996	174.4097
173.5324	175.3578
176.8212	179.1690
176.8900	179.1738
177.6873	179.4644
180.2451	181.7798
180.9474	182.7654
181.7376	183.4163
183.2257	184.8456
184.9343	187.1877
185.2013	187.4892
185.4099	187.5248
187.3787	188.8682
187.6308	189.4495
188.6912	190.7601
188.8998	191.0896
189.7881	192.5744
189.8226	192.4249
189.9362	192.7525
190.0610	192.8383
192.8369	194.5850
194.8082	196.5556
195.0375	196.6724
195.2192	196.8291
195.8633	197.4415
196.2466	198.0962
196.3871	198.0662
197.5201	198.9846
197.8605	199.4411
198.8857	200.4401
199.2037	200.7798
200.3081	202.2956
200.3539	202.5494
200.5710	202.8793
200.8984	203.3275
202.1957	204.3755
202.6937	204.8376
203.3009	205.4097
205.0654	206.8203
205.6453	207.3098
206.1877	207.9779
206.2030	208.0274
207.4934	210.3537
208.7561	210.9242
209.8380	212.1374
210.3306	212.4428
210.8636	212.8056
211.7890	213.3014
213.0598	214.8681
213.2702	215.3969
214.1054	216.7251
214.5682	216.8969
216.7844	218.3835
217.1803	218.7744
217.3394	218.7846
217.7160	219.2309
218.7411	220.7381
219.0262	220.8405
219.2364	221.0159
220.3600	221.9051
221.8517	224.0098
221.8648	224.0861
221.9561	224.0238
222.6228	224.3215
225.3586	227.2483
226.0017	227.6586
226.4300	228.1302
228.8033	230.6960
228.9510	231.0048
229.2297	231.0194
230.6608	232.2524
231.3690	233.0485
231.9693	233.7136
232.9608	234.6468
233.2433	235.3483
233.3314	235.2733
234.4851	235.9902
234.8862	237.6590
235.4577	238.0453
237.9329	239.6662
238.0311	239.9899
238.5564	240.4012
238.6566	240.7013
238.9629	240.8594
239.0506	240.8955
239.5153	241.1126
241.7288	243.4921
243.1628	245.0380
243.2372	245.2887
243.8883	245.7610
243.9854	245.8820
244.7155	246.4291
245.0621	246.5055
245.5990	247.2507
246.1068	247.6730
246.6953	248.6413
246.8515	248.8223
247.3276	249.2556
247.6788	249.9079
248.1988	250.7880
248.7285	251.3561
250.6934	252.2031
252.3402	254.1783
252.3955	254.7296
252.4141	254.6937
253.3082	255.1683
253.9520	255.6897
254.5511	256.2266
255.1628	256.8978
255.6361	257.3100
255.7161	257.6533
256.2677	258.1777
256.3799	258.6968
256.4825	258.9300
256.9479	260.9654
257.0382	261.2453
257.1247	261.5717
258.0111	263.0323
260.0945	264.2052
260.1947	264.2606
262.1075	265.0627
262.7309	265.1478
263.6738	265.4521
263.9047	265.5343
264.7453	266.4392
265.8202	267.7129
265.9590	268.1322
266.2140	269.0769
266.2857	269.2585
266.8250	269.3528
266.8733	269.4946
268.6170	270.9926
268.7202	271.3362
269.2390	271.7985
269.3993	272.0978
270.0230	272.5635
270.4137	273.3734
270.7408	273.8604
271.3998	274.2238
272.5688	274.8802
272.6604	274.6849
272.8550	274.7241
273.8045	275.5835
274.0618	275.6731
274.4869	275.9358
274.8974	276.5286
274.9792	276.9911
275.1635	277.0648
276.7079	278.3484
277.3399	280.0311
277.9029	281.1248
278.4771	281.4150
278.9351	281.4942
281.2622	282.7696
281.6930	283.7039
282.0349	283.7920
283.3807	284.9311
284.2508	286.3181
285.8952	287.5638
286.0673	287.7919
286.3518	288.1969
287.4481	289.3164
287.5083	289.3550
288.2646	289.8367
288.4428	290.2786
289.5000	291.3040
289.6646	291.4884
290.0307	291.9472
290.1699	292.2124
290.5636	292.5952
290.8018	293.0336
291.0885	293.5928
292.2690	294.3712
292.8101	294.6637
292.9429	294.9271
294.6779	296.7149
295.9787	297.8189
296.3185	298.0446
297.1706	298.5735
297.4540	299.1590
297.5505	299.1721
297.8993	299.5370
298.4353	300.0757
298.8567	300.5677
298.8943	300.7021
303.1257	304.9292
303.6165	305.1403
304.8075	306.4642
306.1171	308.4522
306.1263	308.4655
307.0145	309.3778
307.2502	309.6738
308.3440	311.0226
308.8223	311.3440
309.6656	311.4348
310.0824	311.9039
311.0766	312.5076
311.7705	313.4244
311.9397	313.8146
312.0984	313.8616
312.5045	313.9672
313.9206	316.3787
314.0816	316.8285
314.0833	316.9781
314.6945	318.1680
315.6501	318.6684
316.2034	318.7766
317.4632	319.6874
317.7889	320.0728
318.0753	320.0914
319.8569	321.5039
321.5317	323.0474
322.2985	324.4011
323.2109	324.9332
323.3126	324.9570
323.8826	325.6824
323.9938	325.9372
327.9678	329.7020
328.8728	330.4074
329.7258	331.3869
330.5113	332.0323
331.0587	332.5440
331.5553	333.1559
332.0256	334.0112
332.0321	334.1108
332.4911	335.5405
332.8773	335.8129
333.0418	335.9917
333.7348	336.6469
333.9412	336.6406
334.5527	337.1804
334.6781	337.2122
334.8075	337.3994
335.6743	338.0305
336.1118	338.1481
336.2470	338.0127
338.1970	339.8546
338.4534	340.0146
338.6145	340.3419
338.9547	340.5142
339.7320	341.2687
340.2878	342.4509
340.5079	342.8728
343.1413	344.5616
343.6592	345.3195
343.9893	345.9123
344.0828	346.0376
344.5785	346.1567
345.4795	347.3523
346.5134	348.2865
348.1608	349.9643
350.5732	352.2181
351.6488	353.2587
352.8655	354.5907
354.7495	356.7186
354.7995	356.6484
355.4433	357.1727
355.4627	357.2629
356.0854	357.8911
356.4087	357.9313
357.1910	359.0126
357.2890	359.0009
357.8365	359.3255
358.5434	360.0115
359.2928	361.2817
359.5596	361.4864
360.3477	361.8639
361.4942	363.1448
362.8053	364.8997
364.5429	366.1288
366.0316	367.6353
366.7285	368.3850
367.0223	368.5442
367.4045	369.2740
368.3792	370.0281
373.2947	375.9263
373.3598	376.0665
373.5897	376.3698
373.7158	376.3090
376.0755	377.9529
376.4468	378.7676
377.4690	379.7019
378.3259	380.4525
378.3352	380.4449
379.0427	380.6513
379.4206	381.2547
380.0306	381.9557
380.8517	382.7021
380.8547	382.7239
381.3358	382.9091
381.4710	383.2251
381.8989	383.5433
382.8201	384.7814
382.8325	384.7270
383.1618	384.9653
384.7319	386.3103
385.3825	387.4213
385.3982	387.5922
385.5820	387.6696
390.9544	392.5532
392.6180	394.9238
392.6455	394.8966
392.7993	395.0122
393.9125	395.5686
394.6198	396.0989
395.3295	397.1280
395.3360	397.3199
395.4050	397.3261
396.0366	397.9357
396.1806	398.1623
397.4180	399.1011
398.3021	399.9134
398.6793	400.4595
399.3168	401.7690
399.3254	401.7165
400.1658	403.0561
400.5530	403.5325
400.9628	403.8348
403.3573	405.1735
403.8497	405.8815
404.7892	406.2255
406.3214	408.1316
406.8978	408.9336
408.1964	410.0982
408.4034	410.4363
408.5511	410.5445
410.9128	413.8064
411.1788	414.6607
411.2441	414.7552
411.4510	415.2234
411.5577	415.1710
411.6189	415.2342
411.9475	415.4501
413.5423	416.5179
414.1279	416.8704
414.2187	417.0740
415.6442	417.4605
417.5357	419.3919
417.5725	419.4202
418.4724	420.1993
418.8995	420.3224
419.5717	421.4713
419.8186	421.5765
419.8892	421.8239
421.6534	423.2142
422.4233	424.2989
422.5546	424.8956
423.1322	425.3915
424.0135	426.3680
424.2635	426.4605
424.4740	426.8091
424.7153	426.9098
424.8578	426.9633
425.3332	427.4257
426.0289	428.0202
426.0805	427.8834
428.0300	429.8231
428.8326	430.5040
429.1743	431.1898
429.3767	431.6893
429.5446	431.9103
429.8037	432.3558
430.1625	432.6799
430.3165	432.7480
431.1978	432.9767
431.8397	433.9350
432.3173	434.1763
432.5796	434.4443
433.3021	434.7314
434.1314	435.6568
434.8376	436.3491
435.7270	437.1366
436.0225	439.1052
436.0920	439.3423
436.2655	439.4114
436.8573	440.3277
437.5572	440.8383
437.9816	441.2192
438.3624	441.5808
439.1172	442.0104
440.2512	442.8077
441.0535	443.5686
441.0991	443.5928
443.0803	444.8871
443.9502	445.3647
445.3560	447.1798
445.6022	447.6959
445.6040	447.6384
446.3222	448.4845
446.3460	448.5902
446.7772	449.0936
447.0986	449.5645
447.4866	449.8066
447.5626	449.8032
448.3482	450.5126
448.8504	450.9539
449.8375	451.5482
450.4687	452.2734
451.4719	452.9653
451.6327	453.2784
452.1948	454.1197
453.1864	454.6806
453.6365	455.3658
456.3558	458.1176
457.4789	459.2767
458.3211	460.7003
458.5173	461.5928
458.6491	461.9953
459.4471	462.7270
459.4846	462.7135
459.6521	462.7222
460.3567	462.9978
460.7746	462.9051
461.3347	463.0474
461.5957	463.4854
462.2869	464.1071
463.8456	466.0577
463.8876	466.1519
465.4800	467.1341
470.3320	472.4163
470.7376	472.7572
470.8958	472.8075
473.1259	474.6119
474.8485	476.6942
475.6849	477.1164
476.0347	478.0011
476.1522	478.1827
477.0618	478.6679
477.3378	479.1261
477.4783	479.4448
477.8280	479.8759
477.9711	479.9352
478.6445	480.2443
480.2748	482.4827
480.3589	483.0145
480.6667	483.9658
480.7905	484.4312
480.8702	484.5855
481.1087	485.3612
481.1211	485.3215
481.7672	486.0686
481.8435	486.1274
482.0131	486.2489
482.4516	486.5170
482.4859	486.5710
482.4999	486.7155
483.9340	487.6972
484.6248	488.1170
484.8561	488.4613
485.2996	488.6567
485.4320	488.8402
485.8915	488.9908
486.6484	489.1543
486.8504	489.1966
487.1699	489.3474
487.7838	489.7110
488.9861	490.9920
489.0653	491.1192
489.4573	491.5420
489.7529	491.8118
489.7731	491.7955
490.5504	492.0793
492.5263	494.3329
493.7071	495.2914
494.0813	495.8408
495.2955	496.8543
495.5395	497.4573
496.5046	498.3839
496.6169	498.6035
496.8015	498.7029
498.0304	499.5138
498.1564	499.6577
499.2174	501.1337
499.6095	501.5139
501.1843	503.6969
501.2754	503.7959
501.4492	504.3572
501.7420	504.6750
501.8592	504.7223
502.0849	505.0167
503.2895	505.4325
503.2950	505.2833
504.1241	505.6296
504.4178	505.9125
504.6750	506.5275
505.0854	506.5820
505.3681	507.0124
505.5915	507.3764
506.4394	507.9626
506.7707	508.3409
507.1070	508.6984
507.8653	509.4367
508.8871	510.7367
509.0145	511.3009
509.0899	511.3784
509.2037	511.5677
509.9769	512.1602
510.0080	512.0050
510.1538	512.2240
510.6228	512.2804
514.7835	516.5154
515.2458	517.0181
518.2347	519.9178
519.0492	521.3553
519.0659	521.4775
519.3800	522.0307
519.4567	522.0380
519.7496	522.4377
520.3879	522.7038
521.3885	522.9101
522.1148	523.9107
522.5277	524.5319
522.8061	524.7162
523.8572	525.5975
524.7989	526.5604
525.1527	527.3679
525.4888	527.7070
525.8638	527.7570
526.8993	528.6769
528.2782	530.1233
528.7059	530.2265
529.0909	530.7062
529.7614	531.7191
529.9546	531.9305
530.6277	532.1176
531.0012	532.8874
531.6992	533.6684
532.1576	533.9407
532.7233	534.8589
532.7375	534.7940
533.8701	535.3594
536.3056	538.6770
536.5879	539.0280
536.7102	539.3106
537.2036	539.8038
537.5103	539.9792
539.5053	541.0304
540.1974	541.9310
540.3700	541.9510
541.8697	543.6822
542.7514	544.4376
543.9975	545.9242
544.8902	546.4017
546.5643	548.2303
547.6235	549.4609
547.8781	549.5333
548.2608	550.3987
548.7106	550.8258
548.9148	550.7082
549.8842	551.6487
552.7730	554.4801
555.3733	557.1455
555.5229	557.5115
555.7951	558.2852
555.8723	558.4261
556.2318	558.7967
557.7090	559.4984
557.8488	559.5766
558.5694	560.1486
560.0089	562.3177
560.0150	562.2722
560.8980	562.7149
562.2558	563.7911
562.4919	564.1107
562.7258	564.3431
563.6383	565.3080
564.1607	565.8511
565.0504	566.6561
565.3871	567.8444
565.4076	567.9283
565.4898	568.1005
565.5598	568.1730
565.6330	568.4143
565.9300	569.0053
566.1914	569.0832
566.7201	569.6135
567.3282	569.7401
568.1498	570.0057
568.5356	570.5141
569.0898	571.6443
569.0924	571.5955
569.5120	572.6363
569.6480	572.8440
570.9458	573.8199
571.3232	573.8654
572.1393	574.3306
572.5147	574.3975
574.2736	575.8527
574.5697	576.1055
574.9565	576.5021
575.9819	577.4069
578.2703	580.1245
578.7439	580.5118
579.1773	580.7683
580.2693	581.7921
581.5123	583.0315
582.1654	584.0680
583.2366	584.9155
584.1352	585.7676
585.0310	587.1073
586.3378	587.9196
587.4082	589.1246
588.2986	590.1074
588.7207	590.7456
588.9826	591.1907
589.0992	591.4680
589.1524	591.4415
589.6722	592.4388
589.7848	592.5456
590.6445	593.3015
591.1785	593.7203
591.2549	593.7665
592.0054	594.5320
592.3204	594.6035
592.8285	595.1871
593.5214	595.8690
595.8981	597.4612
597.0607	598.7787
598.0016	599.7887
598.9617	600.6745
599.6519	601.7492
600.4362	602.4576
601.4985	603.7991
601.6208	603.9422
602.3982	604.3085
603.9576	606.0630
604.0515	606.6055
604.8338	607.2160
606.2005	608.2184
607.2433	609.0774
608.4345	610.0388
609.5359	611.5801
609.6536	611.8016
610.1623	612.4379
610.9722	613.6054
610.9913	613.4318
612.7885	614.4002
613.8557	615.4910
614.1864	615.9502
614.7754	616.2655
614.9296	616.6202
615.5358	617.4348
615.8256	617.8483
615.9897	618.5269
616.1586	619.0949
616.4117	619.4973
616.4640	619.4777
616.6652	619.6611
618.1011	619.8493
619.5262	621.5157
619.5750	621.6505
620.5774	622.1274
620.9597	622.6700
622.1359	623.6468
622.7291	624.7843
622.9419	624.8091
623.2544	625.1230
623.6361	625.6097
623.6461	625.6675
624.7671	626.2923
625.7025	627.7878
626.1205	627.9281
626.7772	628.4204
629.5036	631.1525
629.6568	631.4483
630.3498	632.7053
630.5179	633.0341
630.5469	633.2042
630.7121	633.2890
632.8949	634.4804
633.8743	635.5185
634.1123	635.9099
634.3662	636.6481
635.0268	636.8996
635.8012	637.4508
637.0887	638.8007
637.1203	638.8195
637.4262	638.9907
637.8551	639.7706
638.8970	640.3669
639.5245	641.3307
640.0708	641.6763
642.2721	643.8260
642.5242	644.3470
642.9705	644.6491
643.3356	645.2771
643.4246	645.4323
643.8657	646.3699
643.9105	646.3819
644.0574	646.6141
644.0727	646.4717
644.5111	646.8340
644.9219	647.1456
645.1467	647.3592
645.2930	647.4791
645.4987	647.5241
645.8700	647.7822
646.3218	648.4452
646.4519	649.0544
646.4759	648.9897
646.9416	649.6952
647.1014	649.6287
647.8452	650.3648
648.8861	651.5789
649.0725	651.6074
649.3499	652.1377
649.4685	652.2118
650.4753	652.6188
651.3134	652.9981
652.4829	654.0795
652.6598	654.4248
652.8078	654.3846
653.6466	655.8398
653.6810	655.6204
656.3055	657.8678
656.4533	658.3092
657.2203	660.3458
657.3956	660.6384
657.5958	660.8056
657.6650	660.9925
658.5374	661.5843
658.7254	661.7305
661.0513	662.6022
662.5182	664.7356
662.5297	664.8027
664.1390	666.5012
664.7786	666.7810
665.8453	667.5108
665.9993	667.8011
666.0214	667.7935
667.7364	669.4316
668.1459	670.1329
668.3418	670.7979
669.1237	671.0273
669.2978	671.0735
670.2133	671.6993
672.2884	674.1621
672.3593	674.1771
673.0636	674.8114
673.5091	675.0449
673.8262	676.1216
674.1459	676.5302
674.4816	676.6581
674.7837	676.7632
675.6116	677.3268
675.7389	677.3831
676.5661	678.6367
676.6794	679.0674
677.3170	680.0919
677.3789	680.1653
677.7561	680.3436
678.1760	681.1122
678.2868	681.0489
678.9079	681.6384
678.9707	681.6825
679.4983	682.0513
680.0970	682.4736
680.5349	682.8693
681.3208	683.2767
682.4651	684.3065
682.5514	684.5462
683.2344	684.9124
683.4956	685.4713
683.7114	685.9784
683.9326	686.6254
683.9678	686.6000
684.0279	686.7546
684.6095	686.8710
685.1691	686.9198
685.8505	687.6544
687.4448	689.0904
688.1147	690.4348
688.3891	690.7878
688.3980	690.6877
688.5283	690.7382
691.7370	693.5764
692.6971	694.4605
693.2988	694.9333
694.7476	696.7865
695.2648	696.9494
696.4280	698.4372
696.6139	698.5969
696.6185	698.4919
698.0416	699.5501
698.8087	700.6871
699.2348	700.8879
700.7954	702.5572
702.1108	703.9660
702.4756	704.3532
702.4960	704.6231
703.7641	706.1210
703.9508	706.2455
703.9578	706.1915
705.0535	706.6156
707.7100	709.3202
707.9767	709.5945
710.0636	711.8049
710.6838	712.3766
711.3156	713.1421
711.9848	713.5436
712.3781	713.9268
713.0370	714.8694
713.4456	715.5263
713.7620	715.9087
715.6078	717.1234
716.6195	718.7320
716.7635	718.6424
718.9358	720.5664
719.4970	721.2316
719.5133	721.2880
720.3928	722.7496
720.4535	722.8340
720.8993	723.5425
720.9439	723.7859
721.5625	723.8292
721.9749	724.0487
724.2474	726.0836
724.9204	726.5976
725.2625	727.2532
726.9019	728.7308
726.9771	729.0164
727.0180	728.9085
727.2096	729.1680
728.0137	730.1209
728.1847	730.4846
729.5139	730.9592
729.7715	732.1336
729.8494	732.4789
729.9387	732.6942
730.0778	732.9402
731.2715	733.9431
734.7889	736.6612
734.9155	736.9538
735.4344	737.2157
736.8135	738.6503
737.3254	738.9706
738.6420	740.5170
739.5659	741.3237
742.5875	744.4521
743.5153	745.6431
743.5995	745.8211
743.9595	746.2094
744.1880	746.3003
745.8886	748.2892
746.0949	748.7796
746.8823	750.3045
746.9106	750.2144
747.3257	750.4950
747.5762	750.4980
750.0588	751.6724
750.2804	751.8049
753.1174	754.6309
754.0706	755.9337
755.7316	757.3480
757.0041	759.3343
757.0165	759.4233
757.5634	759.5132
762.0845	763.8427
762.6809	765.0499
763.3561	766.5157
763.5618	767.2534
763.6095	767.2663
763.8266	767.5425
764.3869	768.0987
764.4061	768.1729
764.5716	768.1543
764.9474	768.4463
765.4684	768.7076
765.7199	768.8544
766.1827	769.2584
766.6710	769.4004
767.1745	769.7027
767.8051	769.6979
770.4493	772.0008
770.7252	772.4344
770.7422	772.3901
771.1141	772.9593
771.6980	773.5944
771.7656	773.4668
772.5542	774.1591
773.5725	775.2641
773.8631	775.5105
774.4159	776.7164
774.4269	776.8397
774.4702	777.1581
775.0104	779.1208
775.0346	779.0099
775.2612	779.2323
775.3884	779.3902
775.4377	779.4639
776.4716	780.5620
776.7546	780.6194
777.1470	780.9598
778.0263	781.9969
778.0842	782.1003
778.2359	782.2296
778.7430	782.6977
778.7490	782.6996
779.5535	782.9437
780.1857	783.1164
781.1408	783.5603
782.1844	784.1587
782.9379	784.7127
783.5721	785.0703
783.8461	785.2624
784.1208	785.8113
784.1917	786.1185
785.9867	787.6964
786.2907	787.7888
786.9390	788.9580
787.0590	788.8308
789.6527	791.4565
790.2846	792.1355
790.4852	792.5669
791.0483	793.6698
791.0565	793.8350
794.4613	795.9531
795.3310	797.2804
795.3548	797.1143
795.5406	797.4165
795.9455	797.6014
796.2660	798.4823
796.6865	798.8428
797.3661	799.1031
797.7655	799.7124
797.9157	800.0935
798.2036	800.0809
798.7577	800.4111
799.5044	801.5031
800.4568	802.1522
800.8255	803.3032
800.8411	803.2317
801.6334	803.9129
802.6269	804.6293
803.6208	805.5004
803.8198	805.7967
804.1509	806.5567
804.2690	806.6757
805.4490	807.1939
806.1780	807.6315
806.5020	808.1354
807.4522	809.3891
808.5849	810.5261
808.6408	810.9606
808.8542	811.1537
810.6408	812.7219
810.6579	812.6754
810.9374	813.1159
811.9953	813.7100
812.7495	814.6097
812.7542	814.6159
813.0975	815.0923
813.5171	815.4911
813.7115	815.6563
813.7209	815.8116
814.0736	815.8751
814.7178	816.3643
816.0971	817.5431
816.4132	818.3800
817.7953	819.4949
817.9351	820.1308
818.0326	820.4144
818.6838	820.6780
819.0569	820.9307
819.3797	821.2376
819.9296	821.8140
820.6866	822.3166
821.7331	823.3699
822.2731	824.2963
825.2770	826.8973
827.6441	829.2377
828.2781	829.9014
830.3194	832.2579
831.3775	833.0102
832.3486	834.0539
833.6277	835.3660
833.9945	835.9887
834.1889	836.2249
834.5815	836.6313
834.7517	836.9404
835.1222	837.5354
835.2009	837.5507
835.4921	837.8762
835.8983	838.5777
835.9581	838.5536
836.0791	838.6273
836.3467	838.8178
836.7812	838.9120
837.6958	839.2307
838.7025	840.5219
839.7506	841.9836
840.0037	842.1261
840.5064	842.3211
840.9609	842.5641
841.9039	843.7085
841.9132	843.6957
842.2736	844.2613
844.9445	846.5486
846.3914	848.1067
846.7119	848.7065
847.0200	849.0509
847.5349	849.3303
847.8865	849.4420
849.9509	851.4648
850.2733	852.4831
850.3687	852.7061
850.6932	852.6276
852.3803	853.9351
852.6913	854.3466
852.9714	854.8905
854.3372	856.7919
854.7999	857.6029
854.8613	857.6383
855.4658	858.2064
855.4660	858.1303
855.8805	858.3931
856.3353	858.4474
857.6124	859.3434
859.7309	861.1783
861.3650	863.5298
862.2718	864.4106
862.3386	864.4354
864.7182	866.2574
865.5238	867.7539
866.3087	869.2894
866.7098	869.3935
866.8305	869.7152
867.9843	871.5366
868.1631	871.8758
868.2038	872.0102
868.4561	872.6227
868.5417	872.7028
868.6373	872.8153
868.8159	872.7612
871.4620	873.4565
874.5365	876.1807
875.2138	876.6860
875.6449	877.2749
876.7763	878.5314
877.6077	879.2111
878.6585	880.2367
878.9382	880.6483
879.2001	880.8494
879.8165	881.4076
880.0555	881.6764
880.1689	881.8169
880.3542	881.8956
882.8029	884.5426
882.9216	885.2116
883.1034	885.4562
883.1040	885.5256
884.7386	886.3157
885.1287	887.7267
885.2848	888.1915
885.3656	888.4263
885.7274	889.0924
887.5318	889.9163
887.8974	890.0019
888.2671	890.0827
890.4058	892.2811
890.5165	892.2334
890.7812	892.5358
892.8649	894.4865
894.0366	895.6070
895.1723	896.8252
895.8842	897.5434
896.7617	899.1906
896.7862	899.2673
896.7954	899.1422
897.4697	899.7837
897.7586	900.1867
898.0346	900.3188
898.6159	900.3617
900.2316	902.2853
901.7332	903.4535
902.0477	903.9016
904.1704	905.8905
904.5505	906.3099
906.2721	908.0008
907.0450	908.9739
907.9443	909.5914
908.1667	909.6163
908.4206	910.0089
909.7235	911.6560
910.0063	911.9463
910.3236	912.6192
910.7661	913.6392
910.9081	913.7001
911.1379	913.8175
911.8094	914.0335
912.5072	914.2498
913.6011	915.2642
914.3163	915.9194
915.4361	917.6015
915.5367	917.8760
917.8375	920.3415
918.0143	920.6868
918.1093	920.6601
918.2329	920.7409
919.5203	921.2768
920.2480	922.3087
920.2973	922.4584
920.8371	922.8155
920.9057	922.9950
922.3574	923.9581
922.7219	924.5233
922.9163	924.9694
923.6527	925.7177
923.8117	925.7819
924.5725	926.0182
924.8795	927.1256
925.2603	927.5348
925.3128	927.3824
927.0955	928.7794
927.5967	929.6106
927.6048	929.7585
927.6545	929.8059
928.4088	930.6801
928.4384	930.9448
929.2833	931.7086
931.3991	933.4371
931.5696	934.0725
931.7418	934.6075
932.0977	935.0286
932.2024	934.9400
933.6239	935.9880
933.6531	935.9902
934.6017	936.2456
934.9310	936.3507
935.5209	938.3482
935.5331	938.3403
935.8142	939.1744
935.9970	939.4098
936.1716	939.6726
936.4416	939.9779
937.1261	940.5735
937.9497	940.7908
938.3251	940.9668
938.7404	941.3432
939.1832	941.5647
940.4832	942.2792
940.6078	942.4721
941.0542	943.1787
941.3408	943.2606
943.0962	944.6614
945.1552	947.0996
945.9242	947.6034
946.3745	947.9984
948.1503	949.6795
949.8002	951.4328
950.5535	952.1314
950.8302	952.5057
951.0221	952.8067
951.2206	952.8994
951.8655	953.6219
951.9421	953.7084
952.5478	954.0168
952.9185	954.7012
954.1678	955.7271
955.0082	956.5372
955.3126	958.1444
955.3643	958.6411
955.5961	959.0571
955.9798	959.5570
957.2583	960.5847
958.2662	961.1985
960.2124	962.4448
960.3304	962.5993
961.3910	963.4753
961.8032	963.8724
962.4327	964.5987
962.6270	965.2573
963.0608	966.4237
963.9947	968.0604
964.2970	968.5062
964.6020	968.9603
964.6653	969.1136
965.1126	969.7429
965.4448	969.8117
966.4096	970.4303
966.7141	970.6942
967.4464	971.1614
968.1154	971.8505
968.7030	972.6082
968.8771	972.8598
968.8796	972.8794
969.5246	973.2185
970.1599	973.7041
970.5573	973.7552
970.9023	973.7570
973.4229	975.1536
973.6855	975.5640
974.5709	976.4249
975.1866	976.8804
975.6732	977.3053
975.8401	977.7506
976.0672	977.8348
977.0288	979.1745
977.6715	981.0562
977.8843	981.2346
978.5602	981.7803
980.5799	982.3312
980.8062	982.6050
981.9135	983.5383
982.3253	984.0001
982.5839	985.0521
982.7184	985.0070
983.2502	985.4690
983.8045	985.7254
985.0422	986.6542
985.4000	987.6703
985.5597	987.5732
986.5576	988.0514
986.9460	988.6116
987.1462	989.4660
987.1467	989.4638
987.5768	989.8849
988.2428	990.0214
988.9752	990.7151
989.3375	991.2322
989.4952	991.2699
991.4859	993.0865
991.8605	993.3584
992.2760	994.0876
992.3447	993.9919
992.7201	994.3220
993.2501	995.4545
993.2504	995.5898
994.2564	995.7206
994.5414	996.2364
994.6859	996.4227
994.9305	996.8919
995.0942	996.8586
