1.4864  3.7037
2.4412  4.7570
2.8532  4.9543
2.9357  5.0480
4.7551  6.2831
4.8977  6.4446
5.3308  7.6874
5.3931  7.9618
5.6573  8.3344
5.8471  8.3787
6.8704  9.2185
7.4492  10.0819
7.6946  10.2678
8.1077  11.0957
8.2636  11.5249
8.3913  11.7580
8.4320  11.5720
8.5838  11.9994
9.6387  12.8142
9.6553  12.9186
10.0759  13.1666
11.5481  13.7945
11.7541  14.2509
12.3576  15.2086
12.4130  15.2210
13.3267  15.3615
14.2349  16.0415
14.3979  16.0097
15.2206  17.0589
15.3875  18.6095
15.4018  18.6276
15.4829  18.6112
16.9016  19.2672
17.1716  19.3652
19.4674  20.9012
20.5337  21.9817
20.9440  22.5075
21.3538  23.0492
21.8480  23.5842
22.2472  24.2928
23.1948  24.8071
23.3668  25.0079
24.2140  26.0665
24.7622  26.5417
26.4533  28.6438
26.5716  28.7764
26.8774  29.0414
26.9102  28.8844
27.2440  29.0715
28.3406  29.9376
29.0111  30.9578
29.1242  31.4133
29.2312  31.8159
29.3435  31.8722
29.3597  31.8051
30.0302  32.1164
30.6283  32.2186
31.0794  32.5545
31.2348  32.9194
31.5074  33.2076
32.4634  34.9347
32.8251  35.4556
33.0023  35.3835
35.2650  38.0792
35.7532  38.3346
36.6912  38.8376
40.3874  41.8372
41.5822  43.2862
41.9384  44.0940
42.3525  45.5413
42.5508  45.7622
42.6867  45.5800
43.1862  46.0421
43.3106  45.9880
43.6054  46.1117
44.4738  47.0967
45.2746  48.5456
45.5197  48.8077
45.9348  49.0755
46.3564  49.6628
46.7126  49.9681
48.2861  50.8397
48.4361  50.8476
48.9734  51.1861
49.5371  51.6990
49.8340  52.0394
51.4830  53.1184
52.2562  53.6925
53.4259  55.0219
53.8354  55.5842
53.9190  55.4898
54.4510  56.0627
54.7872  57.6347
54.9860  57.9194
55.2588  58.3880
55.7914  59.7550
56.1100  60.2995
56.1737  60.1743
56.4374  60.5145
56.8863  61.2340
57.3030  61.6739
57.3126  61.6274
57.3847  61.8000
58.7127  62.1492
59.0447  62.3086
59.1548  62.3006
59.3781  62.4384
60.1343  62.6835
60.8709  62.8779
62.5722  64.6905
62.5841  64.7557
63.1028  65.4488
63.1939  65.7763
63.5337  65.9612
64.1226  66.2236
66.6845  68.2878
69.6720  71.5069
69.7031  71.4481
71.3954  73.1289
72.3314  74.0633
72.4962  74.4251
72.7565  74.5411
73.0623  74.6251
73.2641  75.1250
74.2323  75.8684
74.4528  76.1655
74.6411  76.3396
75.1848  76.7819
75.7485  77.3308
76.2976  78.1831
76.3563  78.4280
78.6077  80.2295
79.6007  81.2651
80.1560  81.9383
80.3065  82.0795
81.4498  83.5619
82.8247  84.3122
84.0375  86.8025
84.0830  86.9926
84.0960  86.8610
84.3692  87.4831
84.7955  87.4842
86.7515  88.5396
88.0128  89.8605
88.0481  89.8539
89.4891  91.1829
89.5384  91.3494
89.8510  91.5894
90.0315  91.6306
91.2733  92.9304
91.6431  93.6591
92.1928  93.6426
92.8667  94.7804
93.3231  95.1288
93.9603  95.4329
94.6356  96.1425
95.0862  97.1300
95.1163  97.1888
95.2453  97.6179
95.6727  98.0679
95.6808  98.0542
96.6429  98.7685
97.3602  99.0403
101.5073  103.1324
101.8208  103.8828
101.8223  104.1070
102.0762  104.7308
102.1331  104.7249
104.9677  106.3686
106.8999  108.4580
107.5826  109.0168
108.1966  109.8884
108.3204  110.1562
110.4007  111.9974
111.5045  112.9709
112.5931  114.8135
112.9370  115.2468
113.0891  115.3282
113.6011  115.7323
115.8533  117.4005
116.0595  118.1100
119.7473  121.8204
119.7505  121.7831
119.8391  122.0432
122.8222  124.3725
123.1239  124.8808
123.1775  125.0354
124.7576  126.6114
124.8170  126.6514
125.7178  127.1437
125.9216  127.4616
126.3324  128.0795
126.3368  128.2160
126.8148  128.5514
127.2129  128.7191
127.3695  129.0494
127.7036  129.2212
128.3173  130.2987
128.4827  130.5567
128.9099  130.8670
128.9604  130.8364
130.0617  131.7572
130.7045  132.5736
130.8990  132.7022
131.2482  133.4410
131.2738  133.6520
131.3524  133.6158
132.0699  134.0471
132.2820  134.2124
133.7740  135.3269
133.9813  135.6610
134.2841  135.8610
134.6911  136.2790
134.7854  136.4706
135.1076  136.7737
136.4183  138.0816
138.7066  140.4006
139.0839  141.1481
139.6876  141.4942
140.2468  141.8527
141.0655  142.9130
141.2036  143.1948
141.6365  143.4170
143.3088  145.8431
145.0312  147.2375
145.3048  147.8691
145.4379  148.4124
145.6470  148.6517
145.7485  148.8306
146.1632  149.1291
146.5629  149.3370
147.1457  149.4133
148.2529  149.7868
148.7530  150.5368
148.9201  150.7155
150.1940  152.0267
150.9993  153.4390
151.2852  153.7062
151.3229  153.9351
152.0322  154.3648
152.3251  155.0453
152.8552  156.1954
153.1360  156.2636
153.4262  156.4576
154.9845  156.9284
155.9884  157.6952
156.1012  158.1354
157.2628  158.8977
157.4929  159.2552
157.7584  159.5304
158.7531  160.4147
159.0832  160.9285
159.5611  161.5262
159.6134  161.7580
159.8042  161.8204
160.9308  162.9982
161.1956  163.3340
162.2539  163.6878
163.6826  165.1775
164.2767  166.0830
164.4001  166.8843
164.4684  167.0521
165.3421  167.1516
166.2275  167.8271
167.0220  168.7793
168.4741  169.9513
169.0211  170.7489
169.1514  171.3552
169.1834  171.2840
169.1918  171.2400
170.9848  172.6583
173.5733  175.2998
174.7936  176.7005
174.8255  176.9454
175.0604  177.8492
175.1524  178.1520
175.5467  178.6129
175.6208  178.8157
175.6872  178.7731
175.7996  178.8270
177.5380  179.1066
178.1268  180.3802
178.1545  180.4837
178.2122  180.5558
178.7273  180.9684
179.0731  181.0148
179.7494  181.5536
179.9025  181.8224
180.8369  182.8305
181.6912  183.3370
182.3088  184.1903
182.4438  184.5374
183.7680  185.4528
184.0010  185.6872
184.2476  186.0528
184.5712  186.4676
184.8291  186.5613
185.0854  186.6470
186.0991  187.7603
187.4776  189.5278
187.7524  189.9774
188.3276  190.2227
189.0329  190.6291
189.3908  191.0480
189.6626  191.2863
190.0312  192.2338
190.1191  192.2881
191.2753  193.2692
191.3274  193.3408
192.4802  194.3141
192.4848  194.4006
193.7239  195.4797
194.0503  196.1016
194.0785  196.1232
194.1036  196.1410
194.4143  196.6721
194.7883  197.2667
194.8623  197.3790
194.9486  197.4464
195.1220  197.8729
195.3501  198.0688
195.6752  198.1202
195.6881  198.1766
196.0488  198.3211
197.8340  199.6010
198.4182  200.2971
198.4234  200.2531
198.6345  200.4214
199.2156  200.7686
199.7614  201.3851
201.6245  203.2253
203.6928  205.2737
203.7940  205.3992
205.0028  206.6367
206.6389  208.3483
206.8755  208.4088
207.3936  209.1046
208.4993  210.3342
208.4994  210.4222
209.1630  211.1555
209.6057  211.4352
211.9568  213.6288
212.3072  214.2092
213.0622  215.5010
213.0914  215.5282
213.2104  215.7321
214.1935  216.1380
214.2030  216.1512
215.5033  217.0621
216.8152  218.5403
216.8403  218.7135
217.0809  218.9849
218.4520  219.9630
218.6083  220.1230
219.2964  221.6648
219.5615  221.8543
219.6321  221.9514
220.3483  222.4551
221.5166  223.1425
222.8423  224.7985
222.9142  224.8833
223.7915  225.2889
224.7081  226.7358
224.8068  226.7001
224.9382  226.9619
225.3257  227.0816
227.9534  229.7115
231.3751  233.2188
231.9622  233.8492
233.2160  235.0304
233.3208  235.3302
233.3502  235.1157
234.1387  236.3169
234.1753  236.4172
234.2807  236.4596
235.2133  237.3178
235.3067  237.3900
237.1328  238.6228
238.2546  239.9703
239.5630  241.6930
239.9130  241.7349
241.6658  243.4809
242.4829  244.4680
242.7843  244.7350
243.4795  245.5025
244.4796  246.4542
245.1660  246.7731
245.6448  247.9122
246.6245  248.7277
248.2758  249.8797
248.5181  249.9717
248.7851  251.1090
249.1122  251.5234
249.3527  251.4427
250.2670  251.8097
250.8648  252.3728
251.5048  253.0954
254.1208  255.6396
254.7416  256.1972
257.2932  258.7907
258.2502  260.9756
258.4887  261.3386
258.8273  261.5574
258.8774  261.7031
260.2599  262.0719
260.9224  263.0402
261.9127  263.4898
262.6236  264.3763
262.7019  264.4139
263.0290  264.8254
263.0539  264.8631
264.0097  265.7770
264.2154  266.2668
264.7786  266.6473
265.7753  267.4113
267.7546  269.3054
268.5948  270.6085
269.6956  271.4027
271.4771  273.6082
272.1173  274.1134
272.9771  274.5983
273.4943  275.3157
274.5981  276.1443
275.1191  276.8444
275.4359  277.0166
276.9820  278.9411
277.0064  279.0405
277.0966  279.2668
277.4811  280.1361
277.9937  280.5449
278.1236  280.6134
278.4980  280.7384
278.5657  280.9119
279.9979  281.5923
280.2284  282.2074
280.5233  282.4175
281.3906  283.2795
281.8567  283.7914
282.0220  283.9532
283.4165  284.9997
286.7804  288.5229
287.2194  289.0090
287.2491  289.0557
287.2840  289.0501
290.1139  291.8044
290.2844  292.1304
290.6119  292.4160
290.9271  292.6824
291.3916  293.2987
292.2925  295.2270
292.4128  295.3541
292.6369  295.4344
292.7694  295.7379
292.8098  295.8254
294.0933  296.8682
294.7036  297.5345
294.9023  297.5739
295.4538  297.6588
296.7568  299.1727
296.7584  299.1344
296.9055  299.4467
297.6172  299.6798
298.0970  299.7249
299.1171  300.8488
299.2989  301.2601
302.4289  303.8589
303.6279  305.2902
303.8607  305.4551
306.2952  308.2087
306.6106  308.9573
306.6405  309.0230
308.6119  310.1577
308.7816  310.4159
309.0081  310.6421
309.2894  310.8403
309.7262  311.5303
310.1534  312.0380
310.1708  311.9656
311.3001  312.9130
311.9075  314.6022
313.6531  315.8356
314.3674  316.1305
314.5839  316.5008
314.8907  316.8202
315.1838  317.6338
315.2474  317.7380
315.6562  318.3754
315.9793  318.8306
318.0048  320.0896
319.0715  320.6586
320.1541  322.3026
321.0749  322.6562
321.5146  322.9845
321.9143  323.7268
322.0086  324.0273
322.1215  324.2437
322.2072  324.4199
322.6568  324.7795
323.4122  325.6832
323.7405  326.0541
323.8088  326.3064
323.9092  326.1527
325.0465  327.0205
326.7488  328.8694
327.1404  329.3122
327.4505  329.7491
328.0949  330.1981
329.2052  330.7929
329.9618  332.5235
330.2318  332.8762
330.7506  333.1908
332.4399  334.1182
333.2081  334.8014
333.8628  335.6698
334.1297  335.7637
334.3284  336.2697
334.5084  336.6714
334.7894  336.9090
335.9973  337.8739
336.2904  338.4536
336.4704  338.8246
336.6830  338.7098
338.2442  339.8390
338.4357  340.0281
338.5744  340.2224
339.5164  341.4868
339.6071  341.5479
339.7341  341.6660
340.8751  342.5337
341.1131  344.0056
341.3504  344.6146
341.3962  344.5023
341.5689  344.7692
341.7478  345.1707
342.3743  346.1244
342.8050  347.1171
342.8467  347.2089
342.9139  347.3010
344.4200  348.9354
344.9445  349.1876
345.8706  349.3230
346.1533  349.6869
347.2532  349.8973
348.8312  350.6383
349.4345  351.2180
349.9808  351.8997
350.0231  351.9443
350.2643  352.1737
351.3646  352.8999
351.4871  353.6031
351.5763  353.6868
353.2288  354.7700
353.7501  355.3534
355.3491  356.9710
355.4303  357.4067
355.6422  357.6931
355.7544  357.8882
356.9166  358.6256
357.5947  359.5774
357.8347  360.0165
358.1911  360.6873
358.2560  360.9646
358.6696  361.1963
359.0861  361.6113
359.2058  361.7261
360.4460  362.4788
361.2952  363.7259
361.4427  363.7812
361.6307  363.8430
362.2868  364.1267
363.5515  365.5182
364.3242  366.0091
365.3839  367.4895
365.4226  367.6836
368.4274  370.2525
368.5783  370.7166
371.8795  373.5006
373.1148  375.3263
375.2106  377.0095
375.4033  377.3468
375.5311  377.3749
377.0536  378.5069
377.5865  379.2478
379.4046  381.0712
379.8438  381.6806
379.9004  381.9346
380.4927  381.9307
381.2479  383.0617
381.3956  383.2877
382.1552  383.5564
382.6566  384.5557
383.2160  384.7741
383.5239  385.0349
383.8006  385.4347
384.7965  386.3100
385.4203  387.1516
385.4515  387.2382
385.8218  388.3659
385.8668  388.4094
385.8826  388.5401
386.6532  388.6878
387.0853  388.9403
387.7641  389.2489
388.3180  389.8255
388.4930  390.0077
390.3307  392.1354
390.3840  392.3177
390.5242  392.2542
391.4735  393.4969
391.5197  393.4558
392.8728  394.4991
393.4923  395.2125
393.7244  395.4227
394.7578  396.4200
395.2587  397.6425
395.3170  397.8781
397.3276  399.0802
397.5250  399.3520
398.6926  400.4063
399.7540  401.1915
400.2437  402.5009
400.2492  402.3866
400.3696  402.6000
402.2384  404.2495
402.3843  404.7799
403.1187  405.0771
404.1539  405.7818
404.2777  406.0595
404.4567  406.2798
404.6560  406.9048
404.6714  407.1761
404.9561  407.3153
406.4621  408.1999
406.9882  408.4842
407.3625  409.2805
407.8184  409.4949
410.7732  412.6251
410.8991  413.2126
411.3938  413.8728
411.5484  414.0994
411.9500  414.4064
412.0424  414.2992
412.1585  414.4795
413.1425  414.8754
413.1699  415.0065
414.3675  416.0405
415.4189  417.1591
415.8392  417.8565
415.9247  418.0036
416.7698  418.4092
417.9857  419.6453
418.1150  419.7540
418.4999  420.1639
419.4420  421.1251
420.7151  423.5904
420.8127  423.9227
421.7145  424.4843
422.0216  424.6057
423.5130  425.0792
424.5161  426.9342
424.7195  427.2679
424.7834  427.2758
425.6200  428.2921
425.7754  428.5857
426.0483  428.7679
426.8714  428.8371
427.3525  429.0676
430.7933  432.4874
431.1422  432.7658
431.6719  433.4763
432.1501  433.7131
432.5594  434.5811
432.7663  435.2847
432.7703  435.2503
432.8023  435.4376
433.1961  435.4863
433.4444  435.5780
434.6038  436.3932
434.7994  436.6701
436.3162  437.8261
437.2702  439.1831
437.3189  439.0933
439.0416  440.9849
439.9216  441.8362
440.6489  442.9813
440.7296  443.4097
440.8215  443.5020
443.0790  444.5431
446.6062  448.1128
448.0381  449.8078
449.4633  451.1677
450.1658  451.7544
452.1301  453.8196
452.3074  454.0760
452.6797  454.5124
452.7180  454.7673
454.3289  456.1503
454.7157  456.7963
454.8068  457.0517
456.0216  458.3289
457.7152  459.4236
458.2294  460.2200
458.3335  460.5214
458.8861  460.6290
459.6217  461.3684
459.8402  461.6053
460.7526  463.1489
460.8859  463.2325
462.5871  464.4120
462.8546  464.7228
463.3919  465.0977
464.0533  465.6488
464.9164  466.6708
465.1978  467.3216
465.2568  467.2899
465.5448  467.5272
467.7896  469.5119
468.5100  470.7421
468.5951  470.7927
469.1146  470.9275
471.3522  473.7134
472.3192  474.5433
472.5974  474.8162
472.7658  475.0806
473.6027  475.9884
473.6156  476.0630
474.7732  476.6348
474.8609  476.8396
474.9723  477.0411
475.2894  477.1835
476.9054  478.6255
477.8998  480.2320
478.1237  480.5786
479.2431  480.9317
479.9756  481.4924
481.4503  483.0131
481.7127  483.3782
482.9793  484.7532
484.3741  486.2450
485.2078  486.7561
485.6409  487.0941
486.3276  488.0884
487.4230  489.2396
488.4895  490.0267
488.6249  490.1308
489.0816  490.8994
489.5596  491.1966
489.8081  491.7198
489.9075  491.8568
491.2043  492.9507
492.3646  494.2399
492.6961  494.4168
494.1529  496.3943
495.5610  497.0762
496.4837  498.1184
496.5939  498.9107
496.7246  499.1641
497.3600  499.7035
499.1405  500.5826
499.9338  501.6010
500.5385  502.4271
500.5998  502.6312
500.7891  502.7270
502.9437  504.8646
503.0058  505.5650
503.0467  505.6768
503.2300  506.0418
503.2915  506.2936
503.3445  506.4359
503.3778  506.3074
504.4767  506.9599
504.8493  507.1380
505.6531  507.3982
506.3381  508.1655
507.0281  509.3073
507.3239  509.8867
508.1150  510.1926
509.1148  510.8733
510.0366  512.0190
510.1576  512.3965
510.3129  513.2670
510.5639  513.8089
510.7858  514.0686
511.2868  515.0026
512.5793  516.2946
512.9847  516.5601
513.3543  517.1006
513.5861  517.0689
513.9398  517.2742
513.9433  517.2590
516.8272  518.6879
516.9549  519.3445
517.3895  519.4352
517.6621  519.6601
519.2997  522.1311
519.3567  522.1532
519.8309  522.6466
520.6590  523.5589
520.6994  523.6128
520.7840  523.6186
521.2244  523.9490
522.3335  525.1442
523.5746  527.2292
523.8608  527.8932
523.9783  528.1191
524.0973  528.3872
524.1625  528.5335
524.5903  528.9764
526.2298  529.8510
526.2400  529.8623
526.5238  530.1678
527.1870  530.3358
528.4048  530.9113
528.5508  531.1141
528.6644  531.0109
529.4431  531.1737
529.9556  532.1047
530.0934  532.6696
530.4333  532.9493
530.4984  532.9161
530.6663  533.0123
530.9647  533.3769
531.5779  533.8131
531.7180  533.9885
531.8738  534.4788
532.1425  534.7723
532.1541  534.8505
534.1857  536.2347
534.4034  536.4252
535.3288  536.9409
535.4479  537.0925
535.8249  537.4104
536.6961  538.6807
536.7883  538.7988
537.5496  539.3035
537.6709  539.9909
537.8736  540.5950
538.0089  541.0030
538.1453  541.2833
538.4946  541.4999
539.5611  541.8962
541.8302  543.3780
542.2566  544.3217
542.2678  544.3765
543.2339  544.7841
543.3571  545.1405
545.4968  547.3920
546.6604  549.0859
546.6629  548.9715
547.1061  549.7624
547.5315  549.8713
547.7802  549.9774
548.9184  550.4589
549.8722  551.6187
549.9389  551.7818
550.1174  552.0420
550.2741  552.0595
550.6518  552.2456
551.1213  552.8475
551.2536  552.9750
552.9621  554.4746
553.3280  555.0942
553.4013  554.9543
553.7582  555.4041
554.3338  556.2539
554.6297  556.9142
554.8376  557.4420
555.4743  558.8101
555.6888  559.1147
555.8765  559.8852
556.2422  560.5853
556.3313  560.7606
557.1479  562.6504
557.2895  562.8198
557.3130  562.8018
557.8291  563.3795
557.8310  563.3603
558.0486  563.5547
561.0053  564.8381
562.5286  565.2960
563.0815  565.2607
563.6689  565.4905
565.5429  567.4018
566.5998  568.8596
566.6920  569.0821
566.7462  569.1784
567.0524  569.6632
567.6611  570.6098
567.7855  570.8366
568.3433  571.0811
568.6569  571.5393
568.6648  571.4271
568.7843  571.5888
569.4629  571.9151
570.7659  572.6333
571.5517  573.3328
573.1654  574.8187
573.7879  576.8106
573.8191  576.8262
575.1161  577.5848
575.6819  578.0282
576.7238  578.9765
576.8122  578.9436
578.0223  579.8536
580.9053  582.6296
580.9412  582.6756
582.5133  584.8985
582.6474  585.1823
583.4906  585.3245
585.2997  586.8594
585.7133  587.4589
589.0358  590.5324
589.1688  590.7000
592.9694  594.7008
593.4697  595.0279
593.7134  595.3161
594.1718  595.6928
594.8743  596.7401
596.5438  598.1248
597.7213  599.5456
598.9816  600.5384
599.2548  600.7218
599.9167  602.5304
600.0366  602.6207
600.4614  602.5827
602.9323  604.3682
603.1954  604.7663
603.4580  605.4148
604.2664  605.8990
604.9974  606.7624
606.0922  608.6169
606.2261  609.0124
606.3270  609.4127
607.5064  610.5499
608.0332  610.6049
609.4452  611.0627
609.6468  611.3063
611.3673  613.0085
611.6345  613.4895
611.9287  613.7050
612.4692  614.0145
612.9814  614.9522
613.2039  614.8577
614.2303  616.0479
614.6099  616.4598
615.7076  617.8618
615.9508  618.1376
616.4036  618.5254
616.6368  618.9683
616.8023  619.2431
617.4592  619.4685
619.3044  621.1934
619.9514  621.5772
621.4216  623.4404
623.8752  625.7730
624.4232  626.7573
624.5838  627.1726
626.2066  627.8127
628.3765  629.9479
628.9291  630.7277
629.0705  630.9396
630.0300  632.2429
631.5112  633.6502
631.6787  633.6514
631.7416  633.8762
633.4495  635.6952
633.6116  635.9693
633.8711  636.1841
634.1312  636.2331
634.9953  636.5304
636.6210  638.2287
637.3937  639.1359
638.2618  640.5961
638.3010  640.5027
639.1166  641.1767
639.5016  641.6214
639.7946  641.9027
640.1397  642.1419
641.0580  643.1211
641.1541  643.1762
642.6129  644.1655
643.0511  644.7759
643.0720  644.8421
644.1866  645.8359
644.6909  646.4989
645.7734  647.7633
648.2531  649.8620
649.0230  650.9252
649.1168  651.4707
649.1869  651.5688
649.3645  651.7226
649.8741  651.6823
651.0136  652.6846
651.6392  653.2300
652.5552  654.0940
652.8190  654.4469
653.2109  654.7841
653.5777  655.2447
653.7589  655.7951
653.8623  655.7575
655.4204  657.5265
656.7339  658.4046
657.9207  659.6929
658.8193  660.3476
659.1518  660.6725
659.6388  661.2367
660.1379  662.1449
662.1098  664.3882
662.2302  664.6353
663.0973  665.9898
663.1088  665.9709
663.5626  666.4844
664.6753  668.0565
665.1464  668.6149
665.9103  669.7112
666.9051  670.5204
667.4577  670.6018
668.3553  670.8787
668.4206  670.8285
669.8469  671.6480
669.8632  671.8776
671.2099  673.3360
671.5359  673.2875
673.0413  674.8378
673.2798  676.0478
673.2912  676.2481
673.3398  676.2694
673.4921  676.4615
674.5087  677.8805
674.8278  678.0938
675.2619  678.7015
675.4524  678.9086
675.8258  679.4532
676.0926  679.5852
676.2054  679.8748
676.6352  680.0180
676.8426  680.1859
676.9413  680.2779
677.0236  680.4184
678.1437  680.8682
679.5347  681.3482
679.7820  681.5634
681.1770  682.6891
682.8252  684.6805
684.0466  685.6901
684.3561  686.0386
685.1704  687.2112
685.7136  688.2981
685.8620  688.3978
686.1945  688.2941
687.5349  689.3596
687.7480  689.3961
688.4056  690.9942
689.0799  691.1290
690.3151  692.1385
690.5899  692.7136
690.8173  693.1737
691.6791  694.1798
692.1523  694.6985
692.8719  695.6507
692.8759  695.7309
693.4377  696.7206
693.7710  696.9556
693.9811  697.1628
694.3297  697.4123
695.4762  697.4397
696.1822  697.6123
696.7545  698.2767
697.7165  699.4421
699.5125  700.9394
699.7642  701.1841
702.9666  704.3949
703.4714  705.2567
703.8586  705.6217
704.4987  706.3659
704.5967  707.0290
704.6956  707.0354
704.8004  707.0789
704.8574  707.1498
706.3367  708.5029
706.7011  709.0801
706.9129  709.2333
707.1986  709.3811
707.9248  709.8121
708.5763  710.6146
709.6073  711.2173
709.9494  711.6918
711.0872  712.6171
711.6633  713.1809
712.6192  714.7004
712.6309  714.7809
714.2344  716.3284
714.9869  716.8372
715.1721  717.1803
715.4566  717.3303
715.7276  717.6839
716.0212  718.7877
716.1318  718.7850
716.6608  718.8880
716.7711  718.9686
717.8994  719.4731
718.9231  720.3394
719.9256  721.6273
724.9909  726.5369
725.4367  727.3083
727.5351  729.1070
727.5891  729.3189
728.0736  729.7958
729.1814  730.6720
729.8998  731.9477
730.2431  732.1551
731.6253  733.3626
732.2755  734.0493
734.2933  735.8866
734.9065  736.3353
735.2157  737.1768
735.3168  737.8037
735.4527  737.8237
737.0321  738.5930
737.6894  739.2744
737.8475  739.4660
738.3591  739.9544
740.6609  742.2053
741.5983  743.3028
742.6042  744.3570
743.6074  745.0953
744.4895  746.1933
744.5478  746.3749
745.0227  747.0516
745.2244  747.2126
745.8345  747.6625
746.4031  747.8735
746.6505  748.3496
748.2991  749.9547
748.9700  750.7054
749.2930  751.1226
749.4994  751.5707
749.5700  751.4657
749.9466  751.8049
750.2361  752.2611
750.3614  752.4390
750.7353  752.5105
751.6670  753.1184
752.1212  753.8093
752.4100  754.0994
752.8362  754.5346
753.6044  755.2200
754.1964  755.9856
758.5785  760.5539
759.5227  761.9301
759.5491  761.8543
760.7796  762.5067
761.4474  763.0715
762.0284  763.6326
762.3931  764.3192
762.6083  764.8789
762.9574  765.3952
762.9990  765.6251
763.0816  765.7886
763.9638  766.4882
764.6863  767.2188
764.9162  767.3597
765.0932  767.4765
766.4133  768.0645
766.7327  768.7339
767.8574  769.6093
768.4012  769.9857
768.8214  770.6651
770.0583  771.6401
770.3778  771.8874
770.9660  772.5644
771.5327  773.1411
772.6057  774.1620
775.0696  776.7834
775.6878  777.1025
776.1160  777.8982
776.9632  778.5805
777.3661  779.2681
777.8837  780.2009
778.0353  780.9723
778.0470  781.1439
778.3527  781.8034
778.3643  781.8423
779.1890  782.1532
780.2472  782.5261
781.1309  782.5470
781.3863  782.8819
783.7999  785.8301
784.1896  786.3874
785.8265  787.7765
786.6249  788.2643
787.0139  789.0363
788.6619  790.8321
789.0252  791.3024
789.3312  791.1980
791.0273  792.6756
792.7446  794.4746
792.9818  794.7517
793.9406  795.9746
794.2821  796.0378
795.0358  797.3491
795.0389  797.3985
795.5167  797.7294
795.6464  797.6166
797.4191  798.9374
797.6758  799.2931
798.9355  800.9073
800.8175  802.9438
800.8737  803.0705
800.9630  803.0864
802.2583  803.9253
802.5288  805.0204
802.8082  805.1920
803.2777  805.5619
803.9649  805.7563
804.0415  805.8025
805.0774  806.5978
805.9342  807.6314
806.5497  808.0747
806.8216  809.1752
807.2244  810.1620
807.2933  810.2097
807.4318  810.2832
809.3846  811.0933
810.2400  812.2495
811.0538  813.0805
811.1620  813.1545
811.3802  813.2556
811.7349  813.4540
812.5362  814.2466
812.8934  814.7934
813.6627  815.1790
814.2397  815.9131
814.2872  816.2408
814.6510  816.6721
814.7817  816.5592
815.4049  817.4186
817.1155  819.2920
817.2846  819.4597
818.4527  820.0930
819.0291  820.6380
819.0821  820.7239
820.3516  821.8398
820.7305  822.3504
820.9857  822.4421
821.1504  823.4491
821.2177  823.4391
821.7619  823.5064
822.3675  824.6169
822.4515  824.6111
822.4970  824.5992
822.4972  824.6943
823.5549  825.4438
824.0324  826.4184
824.2543  826.6272
824.8413  827.0307
825.0846  827.5080
825.8541  827.7810
825.8722  827.8871
827.1235  829.1167
829.1377  830.8314
829.6581  832.0936
830.1956  833.1434
830.8272  834.0551
831.5850  834.3635
831.6131  834.5034
831.8619  834.4585
832.4418  834.6307
832.6915  834.8212
833.4714  835.1098
836.3663  838.0638
837.3539  838.7708
838.2943  840.5492
838.3163  840.5985
838.6368  841.2526
838.6823  841.4788
838.9130  841.4395
838.9217  841.4486
839.2023  841.5751
840.6883  842.1481
840.8573  842.5456
841.1219  842.7831
841.8738  843.6107
841.9766  843.6482
842.0944  843.9064
842.4261  844.2549
842.8293  845.5961
842.9247  845.6954
842.9485  845.5855
843.1632  845.7050
843.4952  845.8976
844.1559  846.0960
844.7791  846.8759
845.1875  847.4482
846.3235  847.8900
847.5147  849.6411
847.5249  849.6466
848.0923  849.8445
848.5401  850.3766
848.7752  850.4885
849.1557  850.7283
850.1852  852.1379
850.4802  852.7041
850.5501  852.6670
850.7005  852.8707
851.6699  853.8013
852.6496  854.5371
853.5582  855.2742
854.0471  855.5520
854.8697  856.2715
855.8929  857.5923
857.0937  858.8515
857.1765  858.8102
858.2832  859.7736
859.5090  861.5292
859.5483  861.5626
860.2570  862.2534
860.5670  862.5110
861.5764  863.0605
861.9732  863.4198
862.1629  863.7050
862.3272  863.9046
863.9733  865.5431
864.3766  866.4817
864.4316  866.6415
864.4540  866.7402
864.5083  866.7567
865.7380  867.3536
866.1550  868.1760
867.3416  869.1487
867.3919  869.2115
867.6126  869.7744
867.7436  869.8568
869.8185  871.3018
870.5975  872.2399
871.4339  873.0856
872.0909  873.8619
874.0774  876.1023
875.3531  876.8854
876.4981  878.0513
876.9489  878.7138
877.8270  879.9729
877.9032  879.8057
879.5161  881.5507
880.8695  882.4473
881.0304  882.6952
882.6283  884.2755
883.4010  885.6329
883.4975  885.8571
883.7583  886.2197
884.1902  886.5634
884.4731  886.6781
884.7425  886.9344
885.7057  887.7072
885.7296  887.5758
885.7976  887.6123
887.9827  889.9086
888.0242  890.1022
889.3088  890.9286
889.7371  891.3271
891.4972  893.1368
892.6318  894.3729
892.8734  894.8411
894.4383  895.9857
894.5805  896.2057
894.8872  896.5543
895.6171  897.3455
896.1090  898.1714
896.1581  898.1452
896.4578  898.2870
897.2394  898.9077
897.3198  899.2615
897.3551  899.0944
898.4109  900.2835
898.5196  900.9702
898.6612  901.4894
899.0233  901.8245
899.2664  902.2284
899.3115  902.2981
900.3135  903.3339
900.4041  903.3768
901.0812  904.1809
901.2138  904.3641
901.6041  905.0473
901.7263  905.0207
902.5790  905.8898
903.0851  905.9343
903.6606  906.2137
903.9400  906.3765
909.2832  910.9180
909.6208  911.2902
909.7460  911.8810
909.8243  911.9253
909.8544  912.1312
909.9879  912.2390
911.8637  913.6863
912.4726  914.0756
913.9178  915.6529
914.1321  916.0346
914.2224  915.8729
916.5717  918.8189
916.8599  919.1139
916.9370  919.1145
917.7065  919.9089
917.7128  919.8221
918.5898  920.2190
919.5465  921.5980
919.5898  921.7273
920.6885  922.3854
921.1324  922.7622
923.2947  925.3573
925.9070  927.4931
926.1423  928.3475
926.2132  928.6840
926.2620  928.9877
926.4458  929.3537
926.9825  929.9374
927.0964  930.0027
927.2799  929.9500
929.6427  931.8474
929.6485  931.8804
930.4810  932.1341
931.1921  933.3170
931.2986  933.6820
931.3170  933.6594
931.5048  933.9550
932.1134  934.8509
932.3681  935.3121
932.7612  935.6991
932.8820  935.8289
933.0573  935.9711
933.8965  936.5569
933.9804  936.5415
935.1101  937.1400
935.2115  937.2189
935.6824  937.6313
936.8331  938.4787
937.0298  939.1834
937.2187  939.4429
937.2918  939.4940
937.6738  939.7084
939.2060  941.1980
940.5298  942.3363
941.2124  942.8586
941.5564  943.0090
942.5295  944.4183
943.8287  945.8035
943.8949  946.1305
944.5629  946.1971
945.1448  946.7718
945.3441  947.2117
945.3810  947.3810
945.7024  948.0482
945.9575  948.3095
946.4499  948.8082
947.4544  949.1835
947.8677  949.8133
947.8965  949.8674
948.2470  950.0366
949.8827  951.4434
951.3549  952.9665
951.7673  953.6281
952.8710  955.3482
952.9190  955.4387
953.2326  955.6538
954.3682  956.0851
955.2251  956.6682
956.4423  957.9063
957.6143  959.1644
958.0410  959.6763
959.7899  961.6313
960.0584  961.6085
960.4413  961.9623
961.3818  963.0032
961.8520  963.4069
962.6416  964.2847
962.7489  964.3054
963.0768  964.9682
963.1933  965.0800
964.0114  965.4762
964.4856  966.0206
964.6366  966.3407
965.7194  967.5720
965.7798  967.5820
968.4187  970.3196
969.4864  970.9728
970.6197  972.2245
973.5951  975.6215
973.7039  975.7351
974.9665  976.7920
975.1947  977.7101
975.3088  977.6841
976.8750  979.3534
977.2608  979.7215
977.5436  979.9665
977.7211  979.9700
978.8285  980.4299
979.0354  980.6917
979.9301  981.8175
979.9590  981.8598
980.1523  982.1173
980.9254  982.5682
981.4371  982.8385
982.2236  984.2977
982.2921  984.4679
982.7821  984.5833
983.1085  984.7872
984.0144  985.5945
984.7261  986.3256
985.9661  987.9496
986.0549  987.9703
988.5172  990.2119
988.5744  990.2146
990.5860  992.2475
991.4534  992.9821
992.2253  993.8195
993.1354  994.7526
993.6970  995.4774
994.2982  995.9344
994.7481  996.4959
995.7119  997.4101
996.1481  998.0408
996.3929  998.2040
998.0538  1000.1317
998.1226  1000.4886
998.1993  1000.6337
998.5400  1000.7975
