1.4609  3.9296
2.3993  4.8993
2.8041  5.3527
2.8853  5.2102
4.6734  6.2504
4.8135  6.5379
5.2392  7.7524
5.3004  8.1881
5.5601  8.4609
5.7466  8.8020
6.7523  9.9621
7.3212  10.9604
7.5623  11.3207
7.9684  12.0261
8.1216  12.4366
8.2472  12.5265
8.2871  12.7094
8.4363  12.9367
9.4731  13.9783
9.9028  14.6702
11.3497  15.7928
12.1453  16.3830
12.1998  16.4912
13.0977  17.0798
13.9903  17.7900
14.1505  17.9332
14.9591  19.2991
15.1372  19.5241
15.2169  19.5077
16.6112  19.9492
16.8766  19.7848
19.1329  20.6600
20.1808  21.8420
20.5842  22.1771
20.9869  22.8285
21.4726  23.1983
21.8649  23.8517
22.7963  24.4667
22.9653  24.8715
23.7979  25.7629
24.3368  26.1977
26.1150  28.5455
26.4156  28.7707
26.4478  28.8089
26.7759  28.7629
27.8536  29.4859
28.5126  30.7560
28.7289  31.4685
28.8552  31.7448
29.5142  31.8892
30.1020  32.4218
30.5454  32.6597
30.6981  32.9125
30.9660  33.1236
31.9056  34.7186
32.2611  34.9406
32.4352  34.9890
34.6591  37.9020
35.1389  38.2694
36.0608  38.4569
39.6935  41.3703
40.8677  42.4575
41.2178  44.1009
41.6248  45.0606
41.8197  45.4294
41.9532  45.5613
42.4442  45.7604
42.5665  45.9228
42.8562  46.3449
43.7096  47.5365
44.4967  48.9443
44.7375  49.2770
45.1455  49.7660
45.5599  50.2378
45.9100  50.4669
47.4565  51.7330
47.6039  51.7445
48.1319  52.1822
48.6860  52.4004
48.9778  52.6008
50.5984  53.2662
51.3583  53.2416
52.5079  54.0486
52.9104  54.6796
52.9925  54.8243
53.5155  55.2736
53.8458  57.1400
54.0413  57.5618
54.3093  58.2036
54.8328  59.5446
55.1459  60.2069
55.2085  60.4048
55.4677  60.6454
55.9089  61.1160
56.3184  61.6408
56.3278  61.6847
56.3987  61.6395
57.7039  62.3095
58.0301  62.3228
58.1384  62.4243
58.3578  62.4694
59.1011  62.8277
59.8250  62.9994
61.5087  64.9416
62.0185  65.6515
62.1081  65.6942
62.4420  65.9928
63.0208  66.2023
65.5388  67.1203
68.4749  70.2004
70.1686  72.1002
71.0886  73.1618
71.2506  73.3997
71.5064  73.4542
72.0053  73.9266
72.9568  74.7312
73.1736  74.9387
73.8930  75.3439
74.4470  76.3221
74.9866  77.0223
75.0443  77.0873
77.2571  78.9721
78.2330  79.7202
78.7788  80.5300
78.9267  80.8782
80.0503  82.4461
82.5936  85.5996
82.6382  85.7124
82.6510  85.8536
82.9195  86.2879
83.3385  86.4524
85.2610  87.1411
86.5006  88.4839
87.9515  89.6617
88.0000  89.8429
88.3071  90.1352
88.4846  90.3473
89.7051  91.5737
90.0684  92.1532
90.6087  92.4604
91.7196  93.8365
92.3459  93.9790
93.0096  94.5292
93.4524  95.7410
93.4820  95.9372
93.6088  96.1924
94.0288  96.9528
94.0368  97.0138
94.9824  97.5878
95.6873  97.7401
99.7632  101.3052
100.0713  102.4679
100.0728  102.4519
100.3223  103.0286
100.3783  103.1245
103.1642  104.6862
105.0631  106.6094
105.7341  107.4033
106.4592  108.1851
108.5038  110.0315
109.5886  111.2540
110.6585  112.9516
110.9965  113.5573
111.1460  113.6934
111.6492  113.9150
113.8627  115.6646
114.0654  116.4378
117.6897  119.9418
117.6929  119.9121
120.7119  122.4651
121.0084  122.9221
121.0611  122.9695
122.6140  124.4927
122.6724  124.5249
123.5577  125.1382
123.7580  125.3788
124.1618  126.0665
124.1660  126.0331
124.6359  126.6238
125.0272  126.7497
125.1810  126.8739
125.5094  127.1769
126.1126  128.1637
126.2751  128.5128
126.6950  128.9016
127.8270  129.6085
128.4587  130.5957
128.6499  130.7409
128.9931  131.7528
129.0183  131.8139
129.0955  131.9511
129.8007  132.3084
131.4755  133.1612
131.6792  133.4869
131.9768  133.6812
132.3768  133.9508
132.4695  134.2889
132.7862  134.4919
134.0743  135.7940
136.3234  138.6367
137.2874  139.5463
137.8371  139.7119
138.6417  140.7775
138.7774  141.0430
139.2029  141.1244
142.5392  145.3870
142.8082  146.2049
142.9389  146.5483
143.1445  146.8814
143.2443  146.9614
143.6518  147.2879
144.0446  147.2920
144.6174  147.6293
146.1971  148.9448
146.3614  148.8984
147.6134  149.5704
148.4049  151.1210
148.6858  151.5851
148.7229  151.6015
149.4200  152.6299
149.7079  153.3235
150.5048  154.2931
150.7901  154.3757
152.3215  154.9095
153.3082  155.4619
153.4190  155.6376
154.5607  156.1237
154.7869  156.6731
155.0478  156.9761
156.0253  157.8321
156.3498  158.5308
156.8195  159.3093
156.8709  159.3569
157.0585  159.5893
158.1657  160.9019
158.4260  161.0019
159.4660  161.5633
160.8702  162.6048
161.4540  163.4581
161.5753  164.0477
162.5012  164.6923
163.3714  165.3399
165.5794  167.0782
166.1169  168.0228
166.2450  168.3903
166.2765  168.5804
166.2847  168.5438
168.0469  169.7846
170.5909  172.3170
171.7902  173.9294
171.8216  174.1431
172.0525  175.2090
172.1429  175.5085
172.5305  175.9263
172.6033  175.9594
172.6685  175.9596
172.7790  176.1619
174.4875  176.4959
175.0662  177.7481
175.0934  177.7919
175.1501  177.9440
175.6564  178.2750
175.9962  178.6946
176.6609  179.2825
176.8114  179.4838
177.7297  180.2505
178.5694  180.6702
179.1764  181.4031
179.3090  181.6954
180.6104  182.6773
180.8395  183.0020
181.0818  183.5233
181.3998  183.7804
181.9053  184.3974
182.9015  185.1614
184.2563  186.4423
184.5264  186.9392
185.0918  187.1781
185.7849  187.7177
186.1367  188.1351
186.4038  188.2405
186.7661  189.0902
186.8524  189.1229
187.9888  189.8957
188.0400  190.1085
189.1730  191.1903
189.1775  191.1335
190.3953  192.2257
190.7161  192.9254
190.7438  192.8701
190.7685  193.0175
191.0738  193.6292
191.4414  194.4088
191.5142  194.5332
191.5990  194.6822
191.7694  194.8653
191.9936  194.9697
192.3131  195.1468
192.3258  195.0952
194.4348  196.1539
195.0090  196.9189
195.0141  196.8560
195.2216  197.1893
195.7927  197.5026
196.3291  198.1004
198.1602  199.8646
200.1929  202.0149
200.2924  202.0166
201.4804  203.1620
203.0884  204.9942
203.3210  205.0211
203.8301  205.7204
204.9169  206.9108
204.9169  207.0858
205.5691  207.9589
206.0042  208.2070
208.3149  209.9061
208.6593  210.9780
209.4013  212.1976
209.4300  212.1411
210.5132  212.9821
210.5225  213.0709
211.8005  213.4634
213.0899  214.9496
213.1145  215.2244
213.3510  215.3043
214.6985  216.3957
214.8521  216.6074
215.5285  217.9138
215.7890  218.5474
215.8583  218.5625
216.5622  219.1163
217.7104  219.4786
219.0134  221.0473
219.0841  221.1286
219.9463  221.5538
220.8471  222.8819
221.0732  223.2030
221.4541  223.1938
224.0367  225.5768
227.3996  229.0919
227.9766  229.8456
229.2089  231.0348
229.3118  231.2011
229.3408  231.4667
230.1157  232.5370
230.1516  232.7428
230.2553  232.9018
231.1718  233.6758
231.2636  233.7437
233.0584  234.6883
235.7908  237.9970
237.5135  239.6879
238.3165  240.6145
238.6128  241.0714
239.2960  241.3976
240.2789  242.2049
241.4241  244.2111
242.3870  244.8802
244.0099  245.7882
244.2481  245.9770
244.5105  247.0941
244.8319  247.3501
245.0683  247.4067
245.9668  247.4885
246.5544  248.3160
247.1834  248.7471
249.7545  251.3748
250.3646  252.1724
252.8724  254.4379
253.8129  256.8511
254.0473  257.2933
254.3801  257.5423
254.4293  257.7128
255.7880  258.5802
256.4392  259.0451
257.4124  259.4477
258.1112  259.6994
258.1881  259.9578
258.5096  260.3910
259.4734  261.5647
260.2291  262.2860
261.2087  262.9465
263.1540  264.8713
263.9797  266.0758
265.0617  266.9629
266.8125  269.1654
267.4418  269.4647
268.7951  270.6240
269.8799  271.3964
270.3920  272.0936
270.7033  272.2587
272.2229  274.2467
272.2468  274.3918
272.3355  274.8867
272.7134  275.7391
273.2171  276.0118
273.3448  276.2105
273.7793  276.2574
275.1870  276.9989
275.4134  277.6990
275.7033  277.9152
276.5557  278.8507
277.0138  279.2302
277.1763  279.2440
278.5468  280.0649
281.8529  283.9354
282.2843  284.3862
282.3135  284.2472
282.3478  284.4558
285.1291  286.8275
285.6186  287.6455
285.9284  287.8930
287.2703  290.4585
287.3885  290.8649
287.6088  291.1078
287.7390  291.3366
287.7788  291.4311
289.0401  292.5224
289.6400  292.9843
289.8352  293.0183
290.3772  293.4622
291.6578  294.5095
291.6594  294.6233
291.8040  294.5328
292.5035  294.9235
292.9750  294.7914
293.9776  295.8800
294.1563  296.2580
297.2325  298.9047
298.4110  300.2339
298.6397  300.2574
301.0324  303.4069
301.3424  303.9653
303.3092  304.9280
303.4761  305.3441
303.9752  306.1108
304.4045  306.7632
304.8243  306.9006
304.8414  307.0911
305.9513  307.4944
306.5483  309.5726
308.2639  310.9076
308.9659  311.4811
309.1787  311.9436
309.4802  312.4780
309.8308  313.5626
310.2325  314.1448
310.5501  314.6146
312.5408  315.8659
314.6532  317.3666
315.5581  317.6480
316.3831  318.0883
316.4758  318.6376
316.6710  319.2780
317.1129  319.6195
317.8553  320.7554
318.1780  321.0538
318.2451  321.2477
318.3438  321.2174
319.4615  321.8788
321.8242  324.5102
322.4576  324.8664
323.5487  325.2399
324.2923  327.3716
324.5577  327.3877
325.0676  327.7938
326.7279  328.5544
327.4829  329.1996
328.1263  330.0750
328.3886  330.4918
328.5840  330.9748
328.7609  331.2008
329.0370  331.4385
330.2242  332.3125
330.5122  333.0518
330.6891  333.0426
330.8981  333.0560
332.4325  334.0411
332.6207  334.4493
332.7570  334.3899
333.6827  335.6702
333.7719  335.7592
333.8968  335.9572
335.0182  336.6739
335.2521  338.4085
335.4853  339.1623
335.5303  339.4173
335.7000  339.7767
335.8758  339.9145
336.4916  341.1631
336.9148  342.3184
336.9558  342.4003
337.0219  342.5199
338.5021  343.8219
339.0176  344.1322
339.9279  344.7353
340.2057  344.8238
341.2866  345.4712
342.8375  346.1932
343.4305  346.4912
343.9674  346.8346
344.2460  347.0409
345.3274  347.8531
345.4478  348.1872
345.5354  348.1677
347.1595  349.3423
347.6719  349.3625
349.5315  351.5981
349.6417  351.8975
350.7840  352.5366
351.4505  353.4016
352.0366  354.9508
352.1004  355.1166
352.5069  355.5375
352.9162  356.1070
353.0339  356.3410
354.2528  357.7229
355.0874  358.2790
355.2323  358.6845
356.0619  359.3358
357.3049  360.2303
359.1059  361.4757
359.1439  361.4849
362.0970  364.2394
362.2454  364.4328
365.4898  367.1799
366.7039  368.9156
368.7637  370.6788
368.9530  371.1033
369.0787  371.0542
370.5750  372.0962
371.0988  372.8146
372.8856  374.4989
373.3729  375.3480
373.9550  375.5037
374.6972  376.7271
374.8424  376.7943
375.5890  377.1712
376.0817  378.1728
376.6316  378.4798
376.9341  378.6484
377.2061  378.9035
378.1849  379.7790
378.7979  380.6493
378.8286  380.9384
379.1926  382.0641
379.2368  382.0978
379.2523  382.1465
380.0097  382.4422
380.4344  382.4013
381.1014  382.6073
381.6459  383.1849
381.8179  383.3763
383.6240  385.5258
383.6763  385.6842
383.8142  385.8784
384.7471  386.7571
384.7926  386.6654
386.1224  387.8349
386.7312  388.6408
386.9594  388.7801
387.9750  389.4673
388.4673  391.1572
388.5247  391.1642
390.5006  392.3231
390.6947  392.5740
391.8422  393.5089
392.8854  394.3721
393.3667  395.7176
393.3721  395.7191
393.4904  395.9521
395.3271  397.6172
395.4705  398.1009
396.1923  398.4271
397.2097  398.8061
397.3314  399.3231
397.5073  399.7187
397.7031  400.3101
397.7183  400.4714
397.9981  400.7419
399.4782  401.2000
399.9953  401.5220
400.3632  402.5326
400.8112  402.7125
403.7152  405.8544
403.8390  406.3519
404.3252  407.0679
404.4771  407.3360
404.8718  407.6296
404.9626  407.5608
405.0768  407.7626
406.0438  408.3844
406.0707  408.2319
407.2477  408.8637
408.2812  409.8578
408.6942  410.8281
408.7782  411.1172
409.6088  411.3914
410.8038  412.4712
410.9309  412.5951
411.3092  413.2647
412.2351  414.2112
413.4863  416.7866
413.5822  417.0783
414.4685  417.7902
414.7704  417.6943
416.2362  418.1659
417.4219  420.2473
417.4847  420.1951
418.3070  421.6095
418.4597  421.5937
418.7279  421.7847
419.5369  422.0469
423.3914  425.2034
423.7342  425.5613
424.2549  425.9842
424.7248  426.7276
425.1271  427.9561
425.3344  428.2116
425.3658  428.2284
425.7529  428.6137
425.9969  428.7694
427.1364  429.4702
427.3286  429.4970
429.7570  431.6041
429.8048  431.7432
431.4979  433.8375
432.3629  434.8481
433.0776  436.1622
433.2473  436.3360
435.4660  437.1890
438.9326  440.3734
441.7406  443.4230
442.4310  444.0966
444.3615  445.8779
444.5358  446.2797
444.9017  447.0156
444.9393  446.9130
446.5225  448.5838
446.9028  449.3935
446.9923  449.7472
448.1862  450.8754
449.8507  451.4379
450.3561  452.4985
450.4583  452.8803
451.7244  453.5444
451.9392  453.6514
452.8359  455.5574
454.6389  456.8259
454.9017  457.2632
455.4298  457.9267
456.0799  458.2938
456.9282  458.7198
457.2047  459.3863
457.2627  459.5403
457.5458  459.7999
459.7520  461.6337
460.4600  463.0338
460.5437  462.8762
461.0542  463.0918
463.2534  465.9921
464.2038  467.1563
464.4771  467.4017
464.6426  467.5346
465.4652  468.6414
465.4779  468.7041
466.7017  469.6308
466.8112  469.5182
467.1229  469.7363
468.7111  470.5049
469.6884  472.2054
469.9085  472.3320
471.0087  473.0137
473.1780  474.8035
473.4359  475.1373
474.6806  476.4411
476.0515  478.2184
476.8709  478.5849
477.2965  478.8952
477.9715  479.8182
479.0480  480.9064
480.2293  482.0676
480.6782  482.7251
481.1479  483.0580
481.4898  483.6459
482.7644  484.4541
483.9047  485.8643
484.2305  486.0927
485.6623  487.8050
487.0462  488.5150
487.9530  489.9351
488.0614  490.4819
488.1898  491.0102
488.8143  491.6363
490.5643  492.3039
491.3439  493.0893
491.9382  494.0892
491.9985  494.1374
492.1845  494.4081
494.3021  496.4781
494.3630  497.1127
494.4033  497.2864
494.5835  497.8967
494.6439  497.8716
494.6960  498.0770
494.7287  498.2436
495.8087  499.0352
496.1749  499.1149
496.9649  499.6516
497.6382  500.6804
498.3162  501.8965
498.6070  502.3111
499.3845  502.4566
500.3672  502.9003
501.2731  504.1842
501.3920  504.7900
501.5446  505.1721
501.7913  506.0451
502.0094  506.5231
502.5018  507.4976
503.7721  508.4982
504.1705  508.8056
504.5338  509.2773
504.7616  509.2634
505.1093  509.4815
505.1126  509.3703
507.9471  511.1694
508.0725  511.0914
508.4996  511.2337
508.7675  511.2171
510.3770  513.5274
510.8991  514.2630
511.7130  515.2287
511.7527  515.2766
511.8358  515.2917
512.2687  515.8541
514.5785  520.0849
514.9752  520.8766
515.0922  521.0772
515.1562  520.9694
517.1880  522.7863
517.1981  522.8683
517.4770  523.1311
518.1288  523.5516
519.3256  524.2656
519.5808  524.6249
520.3461  525.3918
520.9852  525.9679
521.3193  526.3006
521.3833  526.5000
521.5483  526.6039
521.8416  526.8720
522.4442  527.6387
522.5820  527.7069
522.7351  527.8044
522.9991  528.1332
523.0106  528.1692
525.0072  529.4645
525.2212  529.6360
526.1307  530.2539
526.2478  530.3115
526.6183  530.6486
527.4745  531.8794
527.5651  531.9568
528.3134  533.2502
528.4326  533.2285
528.6318  533.6701
528.7648  533.7481
528.8988  533.7619
530.2903  534.4914
532.5204  535.1066
532.9395  535.4074
532.9505  535.4808
533.8999  535.9133
534.0211  535.9918
537.2676  539.8224
537.2701  539.9197
537.7056  540.6021
538.1238  540.6238
538.3682  540.8980
539.4868  541.1361
540.4242  542.2724
540.4897  542.4197
540.6652  542.7115
540.8192  542.9322
541.1905  543.0699
541.6519  543.2470
541.7819  543.5696
543.4611  544.9804
543.8927  545.6472
544.2434  546.0599
544.8092  547.1982
545.1000  548.0413
545.3043  548.7714
545.9301  550.5084
546.1409  551.2276
546.3253  551.5252
546.6848  552.3158
546.7723  552.5725
547.5749  554.4079
547.7141  554.6530
548.2444  555.3741
548.2463  555.4010
548.4602  555.5333
551.3661  556.8779
552.8632  557.6364
553.4066  557.8262
553.9839  558.0705
555.8256  559.1422
557.0083  560.6177
557.3092  561.2410
558.5780  562.8356
558.8862  563.0447
559.0114  563.1367
559.6784  563.4609
560.9589  564.3744
561.7312  564.8573
563.3172  564.9613
563.9290  567.4158
563.9596  567.3729
565.2344  568.4029
565.7905  569.0320
566.8145  569.9947
566.9013  570.0073
568.0906  570.2760
570.9241  572.8042
570.9593  572.8338
572.5045  575.2443
572.6363  575.3770
573.4650  575.5865
575.2430  576.7313
575.6495  577.5160
578.9149  580.6637
579.0456  580.7607
582.7809  584.5746
583.2726  584.9508
583.5122  585.0734
583.9627  585.7650
584.6531  586.7442
586.2939  587.7542
587.4512  589.1727
588.6898  590.1348
588.9583  590.4718
589.6089  592.4981
589.7267  592.6531
590.1442  592.5668
592.5727  594.0716
592.8312  594.3144
593.0893  595.2347
593.8838  595.7748
594.6022  596.4412
595.6782  598.6823
595.8098  599.1660
595.9090  599.5837
597.5859  600.5383
598.9736  601.0569
599.1718  601.0150
600.8627  602.6155
601.1253  602.9696
601.4145  603.1063
601.9457  603.4371
602.4491  604.4655
602.6677  604.4153
604.0496  606.0146
605.1284  607.7513
605.3674  608.0152
605.8125  608.6477
606.0417  609.1059
606.8500  609.2857
608.6634  610.6456
609.2993  611.0727
610.7442  612.9432
613.1557  614.9401
613.6943  616.4380
613.8521  616.5530
615.4471  617.0660
617.5797  619.0397
618.1227  620.0391
618.2617  620.1459
619.2047  621.6299
620.6605  623.2017
620.8251  623.3176
620.8869  623.2868
622.5655  625.2138
622.7248  625.4048
622.9798  625.3885
624.0847  625.6976
625.6825  627.3097
626.4419  628.2642
627.2951  629.6926
627.3336  629.7318
628.1352  630.7488
628.5136  631.0756
628.8015  631.3947
629.1408  631.9806
630.0433  632.6823
630.1377  632.6984
631.5715  633.3408
632.0021  633.9243
632.0227  633.7814
633.1181  634.6544
633.6138  635.2869
634.6776  636.6870
637.1148  638.9644
637.8714  639.9143
637.9636  640.4552
638.0325  640.5481
638.2071  640.8098
638.7079  640.7591
639.8278  641.7854
640.4427  642.0090
641.3429  643.0837
641.6022  643.3401
641.9873  643.7870
642.3479  644.3613
642.5259  644.6359
642.6276  644.8581
644.1589  646.3944
645.4498  647.1316
646.6162  648.4729
647.4994  648.9934
647.8262  649.2720
648.3048  649.8190
648.7953  650.8133
650.7333  653.2479
650.8517  653.7247
651.7039  655.2159
651.7151  655.3202
652.1612  655.7885
653.2547  657.9125
654.4685  659.4873
655.4463  660.0417
655.9894  660.3774
656.8716  660.8892
656.9357  660.8485
658.3375  661.6558
658.3535  661.5545
659.6771  662.4127
659.9975  662.6128
661.4770  663.9216
661.7114  664.9969
661.7226  665.1569
661.7704  665.2505
661.9201  665.5110
662.9192  667.1564
663.2328  667.5592
663.6595  668.0448
663.8467  668.3842
664.2137  668.7331
664.4759  669.0328
664.5867  669.1778
665.0092  669.6836
665.2130  669.8423
665.3100  669.8619
665.3909  669.7279
666.4917  670.3462
667.8589  670.8265
668.1019  670.8661
669.4730  671.0825
671.0928  673.2700
672.2932  673.9004
673.3977  675.6551
673.9316  676.7877
674.0775  676.8482
674.4043  676.8540
675.7216  677.5693
675.9311  677.6649
676.5773  679.3851
677.2400  679.5271
678.4540  680.4407
678.7241  681.3576
678.9476  681.7210
679.7946  682.8775
680.2596  683.5153
680.9669  685.1059
680.9708  685.0919
681.5230  685.7077
681.8505  685.9817
682.0570  686.0092
682.3996  686.0989
683.5265  686.6658
684.2203  686.9303
684.7828  686.9402
685.7283  687.8038
687.4934  689.1024
687.7408  689.3391
690.8881  692.4593
691.3843  693.4016
691.7649  693.7180
692.3940  694.5677
692.4902  695.0788
692.5874  695.1699
692.6905  695.2340
692.7465  695.3831
694.5584  697.4182
694.7666  697.5479
695.0474  697.7743
695.7612  698.4154
696.4015  699.0710
697.4147  699.5279
697.7510  699.7882
698.8692  700.5448
699.4354  700.9027
700.3749  702.5806
700.3864  702.6814
701.9624  704.1754
702.7019  704.9239
702.8840  705.2312
703.1636  705.6275
703.4299  706.4335
703.8271  707.0141
704.3470  707.2685
704.4555  707.2597
705.5643  707.4909
706.5705  708.2342
707.5558  709.2631
712.5340  714.2065
712.9722  714.7924
715.0876  717.0446
715.5638  717.3285
716.6525  718.2281
717.3586  719.5860
717.6959  719.6960
719.0544  720.9625
719.6934  721.6434
721.6766  723.4709
722.2792  723.7514
722.8161  725.5026
724.3684  725.9110
725.0143  726.7137
725.1697  726.8127
725.6725  727.3845
727.9348  729.6119
728.8561  730.7207
729.8447  731.6786
730.8306  732.4096
731.6976  733.6277
731.7549  733.6523
732.2217  734.2837
732.4199  734.5576
733.0195  735.0406
733.5783  735.2703
733.8215  735.9123
736.1011  737.8315
736.4185  738.4188
736.6214  738.7449
736.6908  738.9352
737.0609  739.4339
737.3454  739.7811
737.4686  739.8519
737.8361  739.9075
739.1981  741.0900
739.4820  741.1216
739.9008  741.8151
740.6558  742.4204
741.2377  742.9414
745.5445  747.6000
746.4725  749.0658
746.4985  748.8742
747.7078  749.2394
748.3641  749.9116
749.2936  751.2837
749.5051  751.9731
749.8482  752.7608
749.8890  752.8376
749.9703  752.9553
750.8373  754.1674
751.5473  754.5369
751.7733  754.9193
751.9472  754.9010
753.2447  755.8897
753.5586  756.3871
754.6640  756.7145
755.1984  757.0932
755.6114  757.7177
756.8271  758.5855
757.1411  759.1939
757.7191  759.5886
759.3307  760.9261
761.7523  763.7412
762.3598  763.8906
762.7807  764.5591
763.6133  765.3292
764.0093  766.0702
764.6670  768.2468
764.6785  768.1569
764.9790  768.9639
764.9904  768.8227
765.8008  769.3948
766.8409  769.5258
767.7094  769.7655
767.9605  769.9412
770.3325  772.4756
770.7156  773.1854
772.3243  774.6159
773.1090  775.4196
773.4913  775.9261
775.1110  777.3571
775.4680  777.9308
775.7689  777.7511
777.4357  778.9007
779.1235  780.9019
779.3567  781.1156
780.2990  782.5841
780.6347  782.5388
781.3784  783.8728
781.8481  784.1242
781.9755  784.3228
783.7178  785.3693
783.9700  785.9551
785.2081  787.3397
787.0578  789.3149
787.2007  789.3515
788.4738  790.3475
788.7397  791.5156
789.0142  791.6458
789.4756  792.1508
790.1511  792.3714
790.2264  792.4552
791.2445  793.0111
792.0865  793.8413
792.6914  794.4703
792.9587  795.8767
793.4222  796.7205
793.5584  796.6402
795.4777  797.1648
796.3184  798.2220
797.1181  799.0450
797.2245  799.2045
797.4390  799.3837
797.7875  799.5389
798.5751  800.4440
798.9262  800.8434
799.6822  801.3781
800.2494  802.2041
800.2960  802.3030
800.6536  802.8245
800.7820  803.1220
801.3946  803.8582
803.0757  805.3943
803.2419  805.5849
804.3899  806.1087
804.9564  806.6057
805.0085  806.7593
806.2562  807.8465
806.6286  808.2384
807.0413  809.4860
807.1075  809.5189
807.6423  810.0791
808.2375  810.7254
808.3200  810.8707
808.3647  811.0698
808.3650  811.0262
809.4044  812.0699
809.8737  812.9496
810.0919  813.3297
810.6688  813.7789
810.9079  814.0637
811.6641  814.2446
811.6819  814.4692
814.8913  816.7380
815.4028  818.3558
815.9310  819.6519
816.5519  820.1739
817.2966  820.7768
817.3242  820.5768
817.5687  820.7241
818.3840  821.0240
819.1506  821.3898
822.9664  824.6537
823.8906  826.6985
823.9122  826.6155
824.2720  827.2622
824.4987  827.4887
824.5073  827.4118
824.7830  827.6634
826.2435  827.9938
826.4096  828.0108
826.6697  828.3569
827.4086  829.2430
827.5096  829.5157
827.6254  829.6424
827.9514  830.3247
828.3477  831.5501
828.4414  831.7050
828.4648  831.7088
828.6759  831.7407
829.6515  832.6414
830.2640  833.2832
830.6654  833.4440
831.7818  834.2443
832.9526  835.5195
832.9626  835.4564
833.5202  835.8892
833.9603  836.4520
834.1914  836.3529
834.5654  836.6619
835.5773  837.6995
835.8672  838.3517
835.9358  838.3909
836.0836  838.7525
837.0364  839.6702
837.9993  840.3401
838.8922  840.9867
839.3727  841.1386
840.1812  841.7201
841.1868  843.0314
842.3670  844.0492
842.4483  844.3110
844.7408  846.7892
844.7794  846.9584
845.4760  847.8128
845.7806  848.1413
846.7727  848.7246
847.1627  849.1264
847.3491  849.1383
847.5106  849.3966
849.1284  850.7906
849.5248  851.6590
849.5789  851.8666
849.6008  852.0834
849.6542  852.1405
850.8627  852.4717
851.2726  853.2684
852.4388  854.4040
852.4883  854.6015
852.7052  855.0210
852.8339  854.9917
854.8732  856.3526
855.6388  857.3050
856.4608  858.3784
857.1065  858.9655
859.0589  861.2017
860.3127  861.7969
861.4380  863.0744
861.8810  863.6977
862.7441  864.8371
862.8189  864.9876
864.4042  866.7341
865.8924  867.6844
867.4628  869.0372
868.2223  870.4637
868.3171  870.8642
868.5735  871.2852
868.9979  871.6034
869.2760  871.9442
869.5408  872.0398
870.4874  872.5577
870.5109  872.5680
870.5777  872.5457
872.7252  874.7575
872.7660  874.7776
874.0286  875.5607
874.4496  876.0789
876.1794  877.8741
877.2945  879.0370
877.5320  879.4907
879.0700  880.6749
879.2097  880.9236
879.5112  881.1562
880.2285  882.4001
880.7119  883.0271
880.7602  883.0190
881.0548  883.1712
881.8229  883.9169
881.9020  884.0157
881.9366  884.0388
883.0811  885.9149
883.2203  886.5503
883.5762  887.1427
883.8151  887.5527
884.8442  888.9392
884.9332  889.1019
885.5987  889.9638
885.7290  890.2380
886.1126  890.7950
886.2328  890.8230
887.0708  891.8123
887.5682  892.2559
888.1338  892.6984
888.4083  892.8789
893.6598  895.3101
893.9916  895.6573
894.1146  896.3653
894.1915  896.6616
894.2211  896.5018
894.3524  896.6724
896.1960  898.1907
896.7944  899.0233
898.2148  899.8768
898.4253  900.2374
898.5141  900.3976
900.8231  903.3501
901.1063  903.7493
901.1821  903.6768
901.9383  904.5586
901.9445  904.5601
902.8064  905.0278
903.7467  905.9234
903.7893  906.0140
904.8691  906.5874
905.3054  906.8009
907.4306  909.6508
909.9980  911.7913
910.2292  912.9902
910.2988  913.4072
910.3469  913.5353
910.5275  913.9585
911.0550  914.3640
911.1669  914.6264
911.3472  914.7018
913.6695  916.1940
913.6752  916.0440
914.4933  916.4702
915.1923  917.3515
915.2969  918.1070
915.3149  918.0821
915.4996  918.4675
916.0977  919.5027
916.3480  919.9806
916.7343  920.3822
916.8531  920.3346
917.0254  920.4365
917.8502  921.2270
917.9327  921.3817
919.1426  922.3078
919.6053  922.8606
920.7363  924.2167
920.9296  924.3340
921.1871  924.6101
921.5625  924.7601
923.0684  925.6000
925.0403  927.2279
926.3348  928.3022
927.6118  929.6579
927.6767  929.8630
928.3333  930.2004
928.9052  930.5890
929.1010  931.3109
929.4532  932.0230
929.7039  932.6104
930.1879  933.0626
931.1751  933.8134
931.5814  933.9488
931.6096  934.0313
931.9541  934.2415
933.5617  935.4704
935.0086  936.7773
935.4139  937.4003
936.4986  939.5338
936.5458  939.4084
936.8540  939.6535
937.9701  939.8758
938.8123  940.2564
940.0086  941.5529
941.1604  942.7862
941.5798  943.2263
943.2986  945.0986
943.9388  945.5317
944.8632  946.6522
945.3253  947.2163
946.1014  947.7363
946.2068  948.0424
946.5291  948.6613
946.6436  948.7753
947.9137  949.7319
948.0621  949.6940
949.1263  950.9890
949.1856  951.1100
952.8285  954.4635
953.9424  955.4064
956.8666  958.9531
958.4388  961.2803
958.5509  961.2476
960.0902  962.9748
960.7473  963.4724
960.9218  963.6300
962.0101  963.9709
962.2135  963.9853
963.0929  965.1936
963.1212  965.3817
963.3111  965.3972
964.0710  965.6672
964.5740  966.3198
965.3469  967.6168
965.4142  967.8033
965.8958  967.8146
967.8064  969.5241
969.0251  971.0429
969.1124  971.1715
971.5324  973.3995
971.5885  973.4488
973.5656  975.3302
974.4182  976.0179
975.1768  976.8723
976.0712  977.8978
976.6232  978.4346
977.2140  978.7190
977.6562  979.5315
978.6035  980.2998
979.0322  980.8861
979.2728  981.2488
980.9051  983.2841
980.9728  983.6720
981.0481  983.7108
981.3829  984.1606
981.9786  984.6698
982.7841  984.7760
983.9726  985.9460
983.9809  985.9276
986.5049  988.0161
986.8538  988.7103
987.8008  990.0749
987.9146  990.1393
988.0610  990.6307
988.1321  990.5743
988.1671  990.5757
989.2234  991.0274
989.8707  991.6984
990.8156  992.5776
991.1689  992.8865
992.4250  994.2144
992.5221  994.0882
993.3855  995.2653
993.9289  996.0753
994.0244  996.3041
996.4938  998.2391
998.3824  1000.4322
998.4107  1000.6047
