1.5306  4.1841
2.5137  5.0144
2.9379  5.3880
5.0432  6.8681
5.4892  8.1220
5.5532  8.2488
5.8253  8.9841
6.0208  9.0426
7.0744  10.2596
7.6705  11.0735
7.9231  11.7428
8.3485  12.4799
8.5090  12.7621
8.6406  12.9264
8.6825  13.0622
8.8388  13.2460
9.9250  14.5704
10.3752  14.8834
11.8911  16.3762
12.7246  16.9524
12.7818  16.8185
13.7225  17.2218
14.6577  18.0649
14.8255  18.1585
15.6727  19.7915
15.8593  19.9380
15.9428  20.1536
17.4036  20.5417
17.6816  20.4811
20.0456  21.7105
21.1436  22.7199
21.5661  23.0753
21.9880  23.8628
22.4969  24.1240
22.9080  24.9303
23.8838  25.6324
24.0608  25.8601
24.9332  27.0162
25.4977  27.2790
27.3609  29.8434
27.6758  30.0384
27.7095  30.0481
28.0533  30.2616
29.1824  30.7633
29.8728  32.0027
30.0994  32.7928
30.2318  33.2063
30.9222  33.4435
31.5380  33.7724
32.0026  34.1595
32.4433  34.4830
33.4277  36.2089
33.8001  36.5815
33.9825  36.5903
36.3125  39.3288
36.8151  39.9794
37.7811  40.0815
41.5871  43.3356
42.8173  44.5812
43.6105  47.1939
43.8147  47.3085
43.9546  47.4862
44.4690  47.9376
44.5971  48.0315
44.9006  48.3793
45.7948  49.6439
46.8717  51.2644
47.2992  51.7538
47.7334  52.1765
48.1001  52.5638
49.7204  53.9585
49.8748  53.9352
50.4281  54.2983
51.0085  54.6362
51.3142  54.7624
53.0122  55.4663
53.8084  55.7255
55.0128  56.7318
55.4345  57.2170
55.5205  57.3105
56.0684  57.6304
56.4145  59.6536
56.6193  60.3028
56.9001  60.9968
57.4486  62.3227
57.7766  62.7835
57.8422  62.9829
58.1137  63.4393
58.5760  63.8870
59.0051  64.2331
59.0149  64.2947
59.0892  64.4834
60.7985  65.0676
60.9119  65.2289
61.1418  65.1466
61.9205  65.5251
62.6789  65.8297
64.9771  68.6038
65.0710  68.5997
65.4208  68.9072
66.0272  69.0843
68.6653  70.1792
71.7415  73.7675
73.5160  75.6090
74.4799  76.4370
74.6495  76.8307
76.4372  78.0886
76.6643  78.6088
77.9985  79.8842
78.5639  80.7340
78.6243  80.8498
80.9426  82.7650
81.9651  83.6887
82.5369  84.5164
82.6918  84.6660
83.8691  86.2786
86.5337  89.6965
86.5805  89.7453
86.5939  89.7759
86.8752  90.1659
87.3141  90.5438
89.3283  91.2621
90.6271  92.7377
92.1472  93.8189
92.1980  94.0547
92.5198  94.2992
92.7057  94.5240
93.9844  95.8506
94.3651  96.3619
94.9312  96.5200
96.0950  98.0880
96.7512  98.5151
97.4466  99.0629
97.9105  100.2417
97.9416  100.2246
98.0744  100.6364
98.5144  101.4393
98.5228  101.4233
99.5135  102.0762
100.2521  102.1385
104.5224  106.1900
104.8451  107.4038
104.8467  107.4295
105.1082  108.0249
105.1668  108.1284
108.0856  109.6920
110.0751  111.6616
110.7781  112.4579
111.5379  113.3478
113.6799  115.2175
114.8165  116.6250
115.9374  118.4873
116.2915  118.9036
116.4482  119.0856
116.9754  119.4384
119.5069  121.9026
123.3074  125.6111
126.4704  128.1577
126.7810  128.8123
126.8363  128.7511
128.4632  130.2496
128.5245  130.6230
129.4520  131.0476
129.6619  131.4230
130.0849  132.2043
130.0893  132.1349
130.5816  132.3574
130.9915  132.6402
131.1528  133.0244
131.4968  133.1919
132.1287  134.4111
132.2991  134.4488
132.7389  134.8023
133.9249  135.7796
134.5868  136.7296
134.7871  136.8885
135.1467  137.8087
135.2540  137.9026
135.9928  138.3677
137.7475  139.4826
137.9610  139.6308
138.2728  139.9793
138.6918  140.3926
138.7889  140.4203
139.1207  140.8840
140.4703  142.1341
142.8266  144.8166
143.8367  146.0483
144.4126  146.1745
145.2556  147.4736
145.3977  147.7051
145.8435  147.8426
149.3390  152.2236
149.6208  152.9283
149.7578  153.3411
149.9732  153.6906
150.0777  153.8691
150.9162  154.3378
151.5164  154.4362
153.1714  155.6598
153.3435  156.0021
154.6552  156.6027
155.7788  158.8128
155.8177  158.6492
156.8496  160.3247
157.6846  161.6643
157.9835  161.6345
159.5880  161.9504
160.6217  162.8928
160.7378  162.8393
161.9340  163.5510
162.1709  164.0034
162.4443  164.4668
163.4685  165.4040
163.8084  165.8946
164.3005  166.8293
164.3544  166.9451
164.5509  166.9745
165.7109  168.4174
165.9836  168.6407
167.0733  169.1227
168.5445  170.1380
169.1562  171.0406
169.2832  172.0708
170.2533  172.2873
171.1650  172.9183
173.4783  175.2094
174.0415  175.9610
174.1757  176.3896
174.2086  176.6385
174.2173  176.6493
176.0636  177.6239
178.7289  180.4385
179.9854  182.1913
180.0183  182.4944
180.2602  183.6739
180.3549  183.8739
180.7610  184.2661
180.8373  184.2765
180.9056  184.3442
181.0214  184.2869
182.8114  184.7092
183.4177  186.1705
183.4462  186.0973
183.5056  186.1543
184.0360  186.5324
184.3921  187.1383
185.0885  187.4678
185.2461  187.6996
186.2083  188.5127
187.0880  189.1496
187.7239  190.0050
187.8629  190.0063
189.2264  191.1877
189.4664  191.4007
189.7203  191.7167
190.0535  192.3283
190.5830  192.8605
191.6268  193.7033
193.0462  195.4611
193.3292  195.6215
193.9215  195.8740
194.6477  196.5550
195.0163  197.0476
195.2961  197.2625
195.6757  198.0086
195.7662  198.2224
196.9567  199.0776
197.0104  199.0754
198.1974  200.1886
198.2022  200.1498
199.4781  201.3639
199.8142  201.9595
199.8432  202.0838
199.8691  202.0954
200.5741  203.5841
200.6503  203.8126
200.7392  203.8693
200.9177  204.2185
201.1526  204.2880
201.5006  204.4734
203.7103  205.4803
204.3119  206.3559
204.3172  206.4615
204.5346  206.4154
205.1329  206.9543
205.6949  207.4381
207.6134  209.4039
209.7431  211.3607
211.0920  212.6996
212.7767  214.6449
213.0203  214.8218
213.5538  215.2844
214.6924  216.7831
214.6924  216.8987
215.3757  217.8400
215.8316  218.1775
218.2525  219.9348
218.6134  220.9273
219.3908  222.1304
219.4208  222.2092
220.5557  223.1769
220.5654  223.0396
221.9044  223.5363
223.2553  225.1730
223.2811  225.2896
223.5289  225.7406
225.1016  226.8688
225.8102  228.2562
226.0831  228.6482
226.8933  229.4305
228.0963  230.0005
229.4614  231.3838
229.5354  231.5068
230.4388  232.1885
231.3825  233.6596
231.6195  233.6264
232.0185  233.9932
234.7243  236.3923
238.2476  240.1614
238.8522  240.8358
240.1433  241.8907
240.2511  242.4250
240.2814  242.3235
241.0934  243.5756
241.1310  243.5769
241.2395  243.9363
242.1998  244.5893
244.1764  245.7896
247.0391  249.2714
248.8440  250.9649
249.6853  251.8326
249.9957  252.3252
250.7115  252.9808
251.7413  253.6736
252.9411  255.5914
255.6503  257.3599
255.8999  257.5106
256.1748  258.8496
256.7592  259.1483
257.7006  259.4409
258.3162  259.9894
258.9753  260.6084
262.3082  264.1446
264.9356  266.4898
265.9210  269.1199
266.1666  269.5193
266.5152  269.7265
266.5668  269.8750
267.9904  270.7819
268.6725  271.3542
269.6922  271.6061
270.4243  272.2523
270.5049  272.3190
270.8418  272.6801
271.8515  273.7949
272.6433  274.5113
273.6696  275.2101
275.7078  277.5381
276.5728  278.8977
277.7064  279.4113
279.5408  282.1049
280.2000  282.3059
281.6179  283.6142
282.7545  284.3128
283.2909  285.1673
283.6172  285.1623
285.2092  287.4051
285.2343  287.4152
285.3272  287.9318
285.7231  288.9535
286.2509  289.0567
286.3847  289.4070
286.8399  289.4245
288.3147  290.1358
288.5520  291.0145
288.8556  291.1866
289.7488  292.0024
290.2287  292.4127
290.3989  292.5264
291.8349  293.5568
295.2986  297.2993
295.7506  297.7830
295.7812  297.7513
295.8171  297.8534
298.7312  300.5186
299.2439  301.3080
299.5685  301.2803
300.9744  304.3460
301.0983  304.6207
301.3291  304.7652
301.4655  305.0574
301.5072  305.1418
302.8287  306.2840
303.4572  306.8117
303.6618  307.0319
305.5713  308.4321
305.5730  308.2129
305.7245  308.4285
306.4573  308.7104
306.9513  308.8488
308.0018  309.9625
308.1890  310.5142
311.4119  313.0584
312.6466  314.4466
312.8862  314.6092
315.3930  317.7204
315.7178  318.4571
317.7785  319.4190
317.9533  319.9995
318.4763  320.6617
318.9260  321.0514
319.3658  321.7253
319.3838  321.5797
320.5467  322.0182
321.1721  324.1804
322.9696  325.5925
323.9280  326.4521
324.2438  327.1114
325.0321  328.8347
325.3648  329.4171
329.6636  332.2151
330.6118  332.3445
331.4761  333.4116
331.5732  333.8903
331.7777  334.2943
332.2407  334.8489
333.0185  335.9700
333.3566  336.1600
333.4269  336.3725
333.5303  336.5625
334.7014  337.0127
337.1768  339.9860
337.8403  340.2926
338.9835  340.5762
339.7626  342.7800
340.0407  342.8592
340.5749  343.2523
342.3144  344.1442
343.1054  344.6987
343.7795  345.8464
344.0544  345.9596
344.2590  346.7708
344.4443  347.0480
344.7337  347.0888
345.9775  348.0519
346.2792  348.9342
346.4646  349.0529
346.6835  348.9887
348.4883  350.2151
348.6311  350.5266
349.6010  351.5556
349.6944  351.7023
349.8252  351.7570
351.0001  352.5381
351.2452  354.3419
351.4896  355.3205
351.5366  355.2712
351.7145  355.7180
351.8987  355.9383
352.5438  357.2007
352.9873  358.3971
353.0302  358.5994
353.0994  358.7167
354.6503  360.0163
355.1904  360.5718
356.1440  360.9345
356.4351  361.0258
357.5676  361.3952
359.1925  362.4010
359.8138  362.6763
360.3763  363.1559
360.6682  363.2778
361.8012  363.6170
361.9273  364.1428
362.0191  364.5849
363.7207  365.4815
364.2575  365.8168
366.2059  368.5651
366.3213  368.4441
367.5181  369.1299
368.2163  370.3853
368.8304  371.8398
368.8973  372.0333
369.3232  372.3100
369.7520  372.9962
369.8753  373.1610
371.1523  374.5498
372.0268  375.2912
373.0478  376.0300
374.3501  377.3216
376.2369  378.5010
376.2767  378.6888
379.3708  381.4837
379.5262  381.7793
382.9254  384.7354
384.1974  386.4739
386.3555  388.2338
386.5538  388.7360
386.6855  388.6936
388.2532  389.7929
388.8020  390.3587
390.6740  392.4371
391.1846  393.3215
391.7945  393.4454
392.5721  394.6585
392.7241  394.5225
393.5064  395.0599
394.0226  396.1673
394.5987  396.4324
394.9157  396.6550
395.2006  396.9454
396.2261  397.8952
396.8684  398.8993
396.9006  399.1712
397.2819  400.2184
397.3282  400.3948
397.3445  400.2980
398.1380  400.6050
398.5829  400.6859
399.2818  400.8343
399.8522  401.4479
400.0324  401.7626
401.9795  403.9898
402.1240  404.1958
403.1014  405.0393
404.5423  406.3967
405.1802  407.0204
405.4192  407.1972
406.4833  408.1425
406.9990  409.7974
407.0591  409.7825
409.1294  411.0336
409.3327  411.2775
410.5349  412.3985
412.1322  414.5923
412.1378  414.6614
412.2617  414.5539
414.1861  416.5195
414.3363  416.9108
416.1585  417.9591
416.2860  418.3501
416.4703  418.6643
416.6755  419.4235
416.6913  419.5667
416.9845  419.7061
418.5353  420.3869
419.0770  420.8117
419.4624  421.5878
419.9318  421.7941
422.9744  424.9539
423.1041  425.6964
423.6134  426.3459
423.7726  426.6047
424.1861  426.8741
424.2812  426.9996
424.4008  427.1399
425.4141  427.5774
425.4422  427.6474
426.6754  428.4676
427.7581  429.5614
428.1909  430.5628
428.2789  430.7060
429.1491  430.8626
430.4011  431.9973
430.5342  432.2016
430.9306  432.8494
431.9007  433.8914
433.2115  436.5619
433.3121  436.7099
434.2407  437.5720
434.5569  437.7288
436.0926  437.9867
437.3349  440.2365
437.4007  440.2006
438.2622  441.4597
438.4222  441.5933
438.7032  441.9186
439.5508  442.1453
443.5892  445.4288
443.9484  445.6615
444.4938  446.2768
444.9862  446.9308
445.4077  448.1303
445.6248  448.5543
445.6578  448.4601
446.0633  448.8558
446.3190  449.0384
447.5129  449.8461
447.7142  449.8031
450.2585  452.0518
450.3086  452.3226
452.0824  454.1859
452.9886  455.1873
453.7375  456.8577
453.9152  456.9784
456.2398  457.8716
459.8718  461.4118
462.8137  464.5699
463.5370  465.1218
465.5597  467.2675
465.7423  467.7302
466.1256  468.1766
466.1651  468.1642
467.8238  469.8312
468.2221  470.8064
468.3159  470.8689
469.5668  472.2703
471.3107  473.0507
471.8402  474.0599
471.9473  474.3583
473.2738  475.1581
473.4988  475.3385
474.4383  477.1402
476.3273  478.5318
476.6027  479.0384
477.1560  479.5311
477.8371  479.8772
479.0155  481.1498
479.3729  481.7144
481.6844  483.5979
482.4262  484.8903
482.5138  485.0163
483.0487  485.2929
485.3528  488.2274
486.3485  489.1587
486.6349  489.3976
486.8083  489.6566
487.6701  490.7165
487.6834  490.6911
488.9656  491.7978
489.0803  491.7922
489.4069  491.8579
491.0709  492.9795
492.0948  494.5561
493.4780  495.2684
495.7508  497.4093
496.0210  497.5750
497.3252  499.0490
498.7614  500.8881
499.6199  501.2567
500.0659  501.7804
501.9009  503.6816
503.1385  504.9928
504.1010  506.0966
504.4592  506.5515
505.7945  507.6662
506.9893  509.0679
507.3306  509.3493
508.8307  511.0414
510.2806  511.8876
511.2307  513.2012
511.3443  513.8614
511.4788  514.0997
512.1330  515.0319
513.9665  515.5880
514.7833  516.4470
515.4060  517.5593
515.4691  517.5969
515.6640  517.9915
517.8827  520.2473
517.9465  520.7137
517.9887  521.0625
518.1775  521.4279
518.2408  521.7269
518.2953  521.8459
518.3296  521.9551
519.4611  522.8022
519.8448  522.9996
520.6725  523.5553
521.3779  524.5132
522.3929  525.7830
523.2076  526.4085
524.2371  526.6031
525.1862  527.3949
525.3108  528.1729
525.4707  529.0184
525.7291  529.6167
525.9576  530.2336
526.4735  531.2265
527.8044  532.4124
528.2218  532.8019
528.6025  533.0978
528.8411  533.2592
529.2054  533.4357
529.2089  533.4064
532.1786  535.1412
532.3100  535.0590
532.7575  535.2737
533.0382  535.4164
534.7244  537.7295
535.2715  538.6038
536.1241  539.7254
536.1658  539.6667
536.2528  539.7150
536.7063  540.2752
539.1263  544.5948
539.6645  545.4386
539.7316  545.4362
541.8604  547.2451
541.8709  547.1569
542.1631  547.4455
542.8460  547.8330
544.1000  548.8150
544.3673  549.0274
545.1691  549.7299
545.8387  550.5765
546.1887  551.0700
546.2558  551.1036
546.4287  551.2437
546.7359  551.5730
547.3673  552.1404
547.5116  552.3796
547.6720  552.6709
547.9487  552.8707
547.9607  552.6560
550.0526  554.1054
550.2768  554.2885
551.2296  554.6411
551.3523  554.8661
551.7405  554.9320
552.6376  556.2564
552.7325  556.3604
553.5165  557.7930
553.6414  558.0324
553.8501  558.4175
553.9894  558.4964
554.1298  558.4625
555.5877  559.1861
557.9241  559.6458
558.3633  560.4765
558.3748  560.4615
559.3695  561.1872
559.4964  561.1400
562.8978  565.4838
562.9004  565.4983
563.3568  566.1767
563.7948  566.3551
564.0509  566.5271
565.2229  566.8762
566.2051  568.0395
566.2737  568.2196
566.4575  568.4816
566.6188  568.5644
567.0078  568.8447
567.4912  569.1472
567.6274  569.3164
569.3868  571.1302
569.8389  571.7327
570.2064  572.0827
570.7992  573.2065
571.1039  573.9523
571.9735  576.6176
572.1944  577.3564
572.7643  578.5926
572.8559  578.7515
573.6969  580.6064
573.8427  580.8955
574.3983  581.5111
574.4002  581.4613
574.6243  581.7906
577.6688  583.0624
579.2374  583.5440
579.8067  583.7393
580.4116  584.1118
582.3412  584.6541
583.5802  586.5921
583.8955  587.2074
585.2248  588.7615
585.6789  589.1780
586.3777  589.7884
587.7194  590.3890
588.5284  590.8551
590.1901  591.7129
590.8632  594.2097
592.1988  595.2600
592.7814  595.8053
593.8542  596.8672
593.9452  597.1448
595.1913  597.4046
598.1599  600.0631
598.1968  600.1560
599.8157  602.7370
599.9538  602.6852
600.8220  602.8715
602.6848  604.3237
603.1108  605.0082
606.5319  608.3464
606.6688  608.2316
610.5823  612.4924
611.0975  612.7852
611.3485  612.9267
612.5438  614.5581
614.2629  615.9776
615.4754  617.2762
616.7731  618.2496
617.0544  618.6658
617.7360  620.6687
617.8595  620.7642
618.2969  620.7404
620.8412  622.5532
621.1121  622.6159
621.3825  623.5458
622.2149  624.1828
622.9676  624.8211
624.0949  627.1454
624.2328  627.7370
624.3367  628.1275
626.0936  628.9902
627.5475  629.4957
627.7552  629.7071
629.5267  631.2216
629.8019  631.7248
630.1048  631.9631
631.1887  633.1464
631.4178  633.1714
632.8656  634.6409
633.9959  636.5576
634.2463  636.8879
634.7126  637.4961
634.9527  638.0681
635.7996  638.0597
637.6996  639.6824
638.3658  640.1277
639.8796  642.1304
642.4061  644.4281
643.1358  645.9750
644.8068  646.4709
647.0412  648.7789
647.6102  649.6523
647.7558  649.9013
648.7437  651.0381
650.2690  652.6058
650.4414  652.9033
650.5062  652.9595
652.2648  654.9841
652.4317  655.1904
652.6989  655.3730
653.8566  655.6549
655.5305  657.2512
656.3262  658.0581
657.2201  659.9106
657.2604  659.8193
658.1003  660.7226
658.4967  661.2900
658.7984  661.4819
659.1538  661.9576
660.0994  662.8075
660.1982  662.7240
661.7005  663.4351
662.1517  663.9003
662.1732  663.8844
663.3208  665.0507
663.8402  665.5024
664.9548  667.0717
667.5082  669.3425
668.3009  670.5105
668.3975  671.0315
668.4697  671.2405
668.6526  671.1619
669.1773  671.2244
670.3506  672.3773
670.9949  672.5671
671.9380  673.6826
672.2097  673.9341
672.6132  674.2924
672.9910  674.8425
673.1775  675.3072
673.2840  675.3742
674.8884  677.0642
676.2409  678.0364
677.4629  679.2586
678.3882  679.8970
678.7306  680.3856
679.2320  680.7686
681.7764  684.4574
681.9004  684.7241
682.8051  686.3921
683.2724  687.1190
684.4181  689.0123
685.6898  690.6426
686.7142  691.1976
687.2832  691.6650
688.2075  692.0612
688.2747  691.9124
689.7434  692.7984
689.7601  692.5921
691.1468  693.6838
691.4826  694.0084
693.2782  696.4992
693.2899  696.7175
693.3400  696.7298
693.4968  697.0456
694.5436  698.7982
694.8722  699.0772
695.3192  699.6517
695.5153  699.8632
695.8998  700.4518
696.1745  700.7261
696.2907  700.9509
696.7333  701.1538
696.9469  701.5304
697.0484  701.3950
697.1332  701.5091
698.2866  702.1552
699.7189  702.6092
699.9735  702.6557
701.4100  702.9188
703.1071  705.3059
704.3648  706.0654
705.5220  707.7014
706.0813  708.8992
706.2342  709.0637
706.5766  709.1299
707.9568  709.7786
708.1762  710.0444
708.8532  711.5935
709.5476  712.0771
710.8195  712.9793
711.1025  713.5854
711.3366  714.1181
712.2240  715.1586
712.7113  716.0344
713.4523  717.4241
713.4564  717.4499
714.0349  718.0528
714.3781  718.4474
714.5944  718.6467
714.9533  718.6306
716.8608  719.2712
717.4502  719.7014
718.4408  720.1514
720.2901  721.9636
720.5493  722.0931
723.8468  725.5306
724.3666  726.4231
724.7653  726.8083
725.4245  727.5222
725.5253  728.1549
725.6271  728.4416
725.7351  728.5906
725.7938  728.4521
727.6922  730.5326
727.9103  730.6463
728.2045  730.9497
728.9523  731.7373
729.6231  732.0990
730.6847  732.5459
732.2086  733.7120
732.8018  734.4244
733.7861  736.0823
733.7982  736.1238
735.4493  737.5530
736.2241  738.3451
736.4149  738.6535
736.7078  739.3854
736.9868  739.9350
737.4031  740.5533
737.9478  740.7612
739.2231  741.1491
740.2773  741.9690
741.3095  743.0394
746.5253  748.0862
746.9843  749.0588
749.2007  751.2148
749.6996  751.4748
750.8402  752.3898
751.5800  753.9158
751.9335  754.0379
754.0262  755.9374
756.1040  757.7828
756.7354  758.2528
757.2979  760.0893
758.9242  760.5434
759.6010  761.4200
759.7638  761.4280
760.2905  761.9092
762.6608  764.3517
763.6260  765.6664
764.6617  766.4646
765.6947  767.4775
766.6030  768.4405
766.6631  768.8302
767.1521  769.2675
767.3598  769.4853
768.5734  770.4488
768.8282  771.0447
771.2167  772.8589
771.5492  773.5795
771.7618  774.0259
771.8344  774.0050
772.2223  774.5409
772.5203  775.0076
772.6493  775.0888
773.0344  774.9042
774.4614  776.4368
774.7588  776.4617
775.9887  777.7682
776.5983  778.4351
781.1105  783.1210
782.1100  784.7913
783.3770  784.9737
784.0646  785.6920
785.0384  786.9573
785.2601  787.9760
785.6195  788.7675
785.6623  788.7334
785.7474  788.7772
786.6558  790.0591
787.3997  790.4649
787.6365  790.6202
787.8187  790.6879
789.1780  791.9932
789.5070  792.1733
790.6650  792.6823
791.2250  792.9834
791.6576  793.7191
792.9313  794.7280
793.2604  795.2042
793.8659  795.5836
795.5544  797.1703
798.0915  800.0451
798.7280  800.3117
799.1690  800.8804
800.0413  801.7707
800.4562  802.5136
801.1452  804.7505
801.4721  805.2555
801.4841  805.3241
803.4229  805.9771
804.3328  806.3690
804.5958  806.4260
807.0810  809.3722
807.4824  810.0032
809.1679  811.3950
809.9900  812.1901
810.3905  812.8387
812.0875  814.5443
812.4616  814.7319
812.7767  814.8712
814.5231  816.0403
816.2914  818.1217
816.5357  818.5286
817.5230  819.6570
817.8747  819.6879
818.6539  821.1179
819.1460  821.5453
819.2795  821.7165
821.1048  822.8807
821.3691  823.2954
822.6663  824.7791
824.6042  826.8746
824.7539  827.1551
826.0878  828.0210
826.3663  829.0218
826.6540  829.4430
827.1374  829.7840
827.8451  830.0420
827.9240  829.9476
828.9906  830.8190
829.8728  831.7577
830.5066  832.4394
830.7866  833.6782
831.2723  834.5371
831.4149  834.7782
833.4257  835.1651
834.3066  836.2438
835.1445  837.2034
835.2559  837.3892
835.4806  837.4050
835.8458  837.6011
836.6709  838.4593
837.8309  839.4813
838.4251  840.3134
838.4739  840.5539
838.8486  841.1035
838.9831  841.2546
839.6249  842.1955
841.3863  843.9182
841.5604  843.9106
842.7632  844.7170
843.3567  845.2449
843.4112  845.1339
844.7185  846.4061
845.1086  846.7358
845.5411  847.8563
845.6104  848.2360
846.1707  848.4767
846.7942  849.3091
846.8807  849.4766
846.9276  849.6858
846.9279  849.6885
848.0169  850.5894
848.5086  851.6419
848.7371  852.0302
849.3416  852.5018
849.5920  852.6054
850.3844  853.0659
850.4030  853.0819
853.7655  855.5375
854.3014  857.1495
854.8548  858.5933
855.5053  859.1854
856.2855  859.6943
856.3145  859.6341
857.4249  860.0770
862.2258  863.8866
863.1941  866.0357
863.2167  865.8367
863.5937  866.4590
863.8312  866.8789
863.8402  866.7441
864.1291  866.8080
865.6593  867.3190
865.8333  867.3666
866.1057  867.7821
866.8799  868.6192
866.9858  869.0390
867.4486  869.8644
867.8639  870.9511
867.9620  871.0799
867.9866  871.2892
868.2077  871.3178
869.2299  872.1356
869.8715  872.8750
870.2921  873.0956
871.4618  873.7941
872.6884  875.1510
873.2831  875.7263
873.7442  875.9887
873.9863  876.1261
875.4383  877.7725
875.7420  878.3420
875.8139  878.5336
875.9688  878.8056
876.9671  879.4126
877.9758  880.0948
878.9114  881.0755
879.4148  881.3112
880.2618  881.9631
881.3155  883.1103
882.6372  884.4377
885.0390  887.2770
885.0794  887.4372
885.8092  888.1288
886.1284  888.5377
887.1678  889.0971
887.5764  889.5342
887.7717  889.5594
887.9409  889.8708
889.6359  891.2684
890.0512  892.3346
890.1078  892.5669
890.1308  892.6322
890.1868  892.6337
891.4529  893.2142
891.8824  893.8764
893.1042  895.0179
893.1560  895.4130
893.3833  895.8915
893.5181  895.8110
895.6547  897.3720
896.4568  897.9583
897.3180  899.2447
897.9946  899.6967
900.0401  901.9891
901.3537  902.8200
902.5327  904.3387
902.9968  904.7886
903.9011  906.2502
903.9795  906.2607
905.6404  908.0814
907.1996  909.1162
908.8449  910.4626
909.6406  911.9984
909.7400  912.3986
910.0086  912.7749
910.4533  913.1926
910.7446  913.3264
911.0220  913.5434
912.0138  914.0600
912.0384  914.1921
912.1084  914.3387
914.3584  916.4311
914.4011  916.4042
915.7239  917.1954
916.1650  917.7759
917.9774  919.5847
919.3944  921.5578
921.0058  922.6200
921.1522  922.9261
921.4680  923.0305
922.2196  924.3117
922.7261  924.9515
922.7767  925.2001
923.0853  925.3636
923.8901  926.0665
923.9729  925.9254
924.0092  925.9435
925.2083  928.2584
925.3541  928.6231
925.7270  929.2720
925.9773  929.4838
927.0555  931.1424
927.1488  931.1384
927.8460  932.1694
927.9825  932.2926
928.3844  933.0070
928.5103  933.0944
929.3883  933.8665
929.9094  934.4125
930.5021  934.7764
930.7897  935.0026
936.2916  937.8625
936.7681  939.1467
936.8487  939.3863
936.8797  939.2359
937.0173  939.4817
938.9488  941.0370
939.5757  941.7436
941.0639  942.8729
941.2845  943.0989
941.3775  943.3152
943.7966  946.3579
944.0934  946.5525
944.1727  946.6491
944.9651  947.6776
944.9716  947.6076
945.8746  948.0050
946.8597  949.1265
946.9043  949.2453
948.0357  949.7543
948.4928  950.0989
950.7193  953.0714
953.4092  955.3297
953.6514  956.5184
953.7244  956.9370
953.9640  957.4286
954.6339  958.0759
954.8228  958.2260
957.2559  959.7547
957.2618  959.8277
958.1190  959.8828
958.8513  961.2554
958.9610  961.8021
959.1733  962.1712
959.7999  963.4130
960.0622  963.5505
960.4669  963.9877
960.5913  964.1800
960.7719  964.3739
961.6360  965.1152
961.7224  965.0323
962.9901  966.2373
963.4749  966.8586
964.6598  967.9096
964.8623  968.3339
965.1321  968.4743
967.1032  969.5110
969.1692  970.8971
970.5254  972.5145
971.8633  974.1004
971.9313  974.3982
972.6192  974.3640
973.2184  975.1527
973.4236  975.6703
973.7926  976.4556
974.0553  976.8660
974.5623  977.3119
975.5966  978.0780
976.0222  978.4741
976.0518  978.3933
976.4127  978.6188
978.0971  979.8223
979.6130  981.2234
980.0376  981.9674
981.2235  984.1296
981.5465  984.1912
982.7158  984.5165
983.5982  985.1588
984.8515  986.3798
986.0583  987.6747
988.2985  990.2480
988.9692  990.6562
990.4218  992.3045
991.2349  993.0004
991.3454  993.0661
991.6831  993.9486
993.1337  994.9499
993.2892  995.0666
994.4041  996.2901
994.4663  996.1861
998.2830  999.8895
