1.4362  3.9096
2.3587  5.1261
2.7568  5.3143
2.8365  5.2759
3.6846  5.4942
4.5944  6.3489
4.7322  6.3024
5.1507  7.5376
5.2109  7.9559
5.4661  8.5148
5.6496  8.7346
6.5159  9.6553
6.6382  9.9050
7.1976  10.7433
7.4346  11.2433
7.8338  12.1014
7.9844  12.2815
8.1079  12.5921
8.1471  12.7582
8.2938  12.8131
9.3130  14.0003
9.3291  14.0006
9.7355  14.6506
11.1579  15.8565
11.3570  15.9286
11.9401  16.4644
11.9937  16.4351
12.8764  17.3302
13.5380  17.8862
13.7540  18.1940
13.9114  18.3436
14.7064  19.2124
14.8676  19.5028
14.8815  19.5936
14.9598  19.6017
14.9781  19.5778
16.3306  19.8728
16.5915  19.7963
17.7292  19.9505
18.8097  20.5265
19.8400  21.5050
20.2365  21.7010
20.6324  22.4913
21.1099  22.9331
21.4498  23.4867
21.4956  23.6317
22.4112  23.9587
22.5774  24.4041
23.3960  25.4274
23.9257  25.8322
25.0664  27.1659
25.1808  27.6681
25.5596  28.0887
25.6739  28.0619
25.9694  28.2576
26.0010  28.2917
26.3236  28.4215
27.0289  28.9425
27.3831  29.1976
28.0310  30.2042
28.1403  30.6255
28.2437  30.8966
28.3521  31.1582
28.3678  31.1055
29.0157  31.5182
29.5935  31.8584
30.0295  32.1712
30.1796  32.2871
30.4430  32.5005
30.6420  32.7028
31.3667  34.2466
31.5981  34.4045
31.7161  34.4839
31.8873  34.6496
34.0736  37.4759
34.1075  37.4383
34.5453  37.7466
35.4517  37.9121
36.3357  38.3053
39.0230  40.7341
40.1774  42.0013
40.5215  43.3776
40.9217  44.4924
41.1133  44.6744
41.2445  44.7645
41.7272  45.1379
41.8474  45.4131
42.1323  45.7675
42.9713  46.9416
43.0794  47.0949
43.7451  48.2728
43.9818  48.4801
44.0670  48.6899
44.3829  49.1058
44.7903  49.6199
45.1345  49.9946
46.6548  51.2862
46.7998  51.3734
47.3189  51.6308
47.8636  52.0432
48.1504  52.1344
49.7437  52.8403
50.4908  53.0341
51.6209  53.5479
52.0166  54.1225
52.0974  54.1622
52.6115  54.8978
52.9363  56.5396
53.1284  57.1805
53.3919  57.6901
53.9066  59.0219
54.2144  59.5955
54.2759  59.6540
54.5307  60.1388
54.9645  60.3813
55.3671  60.8960
55.3763  60.9307
55.4460  60.8835
56.7292  61.5235
57.0499  61.8220
57.1564  61.7418
57.3721  61.7112
58.1027  62.0551
58.8144  62.5476
60.2106  64.0853
60.4583  64.3538
60.4697  64.5517
60.9709  65.0761
61.0590  65.3008
61.3872  65.5349
61.9563  65.7284
64.4317  66.6783
67.3183  69.2108
67.3482  69.2653
68.9834  70.8766
69.6540  71.8089
69.8878  72.1011
70.0470  72.2649
70.2985  72.4275
70.5940  72.7838
70.7889  72.8171
70.8361  72.7836
71.7245  73.3877
71.9375  73.8520
72.1195  73.9779
72.6448  74.1051
73.1894  75.1398
73.7200  75.6736
73.7767  75.9109
75.9520  77.7369
76.9115  78.5430
77.4480  79.3640
77.5934  79.5427
78.6981  81.0615
78.7502  81.2965
80.0266  81.7212
81.1256  83.9657
81.1984  84.1786
81.2423  84.3568
81.2549  84.5359
81.5189  84.9431
81.9308  85.2386
83.8207  85.8753
85.0394  87.0767
85.0735  87.1343
85.9301  87.6697
86.4658  88.1003
86.5135  88.4409
86.8155  88.5676
86.9899  88.7406
88.0035  89.9237
88.1898  90.0812
88.5470  90.5227
89.0782  90.8779
89.7293  91.8156
90.1703  92.3448
90.7860  92.4722
91.4385  93.0506
91.8738  94.0533
91.9029  94.1113
92.0276  94.6003
92.4405  95.3077
92.4484  95.4494
93.3779  96.0125
94.0710  96.2796
96.3958  97.9296
98.0780  99.5942
98.3809  100.8650
98.3824  100.7330
98.6277  101.3996
98.6827  101.4450
100.3377  101.9317
101.4215  102.9804
103.2884  104.8270
103.9481  105.5320
104.5413  106.1557
104.6609  106.5040
106.6709  108.2992
107.3382  108.8419
107.7375  109.4293
108.7893  111.2318
109.1215  111.7843
109.2685  111.9203
109.7632  112.2558
111.9394  113.7341
112.1386  114.5739
115.7017  117.8022
115.7049  117.7580
115.7905  118.1544
116.3732  118.5500
117.0828  118.7120
118.6728  120.5301
118.9643  120.7520
119.0161  120.8989
120.5428  122.5157
120.6002  122.4273
121.4706  123.1088
121.6675  123.2138
122.0645  124.0076
122.0686  124.0677
122.5306  124.2773
122.9152  124.6145
123.0665  124.6489
123.3893  125.0279
123.9823  126.1014
124.1421  126.4119
124.5549  126.5638
124.6037  126.7876
125.6677  127.3869
125.7813  127.5906
126.1147  127.9874
126.2888  128.4291
126.4768  128.7991
126.8141  129.4190
126.8389  129.6675
126.9149  129.6833
127.6081  130.0484
127.8130  130.1481
129.2546  130.9368
129.4549  131.2610
129.7475  131.2280
130.1407  131.8973
130.2318  131.9275
130.5432  132.2557
131.8095  133.6188
132.4295  133.9255
134.0206  136.6659
134.3048  136.9734
134.3851  137.1575
134.9684  137.4811
135.5088  137.6954
136.2998  138.5734
136.4332  138.8569
136.8515  139.1591
137.8458  139.6659
138.3009  141.0088
138.3683  141.3360
138.4673  141.2612
138.6050  141.5847
139.3346  142.0146
139.9322  143.1491
140.1315  143.4754
140.3959  144.2077
140.5244  144.3661
140.7265  144.6672
140.8246  144.8842
141.2252  145.1843
141.4559  145.1508
141.6114  145.3447
142.1746  145.6047
143.2443  146.4655
143.7276  146.8507
143.8890  147.0233
145.1199  147.6843
145.8980  149.1639
146.1742  149.9114
146.2107  150.0213
146.8960  151.2483
147.1790  151.5774
147.6912  152.0169
147.9625  152.3217
148.2429  152.6647
149.7485  153.1320
150.7185  153.7347
150.8275  153.7807
150.8502  153.8927
151.9499  154.7582
152.1722  154.8069
152.4287  154.8326
153.3898  155.7701
153.7088  156.3626
154.1705  156.7546
154.2211  156.8452
154.4055  157.2139
155.1809  158.2037
155.4940  158.5084
155.7498  158.5574
155.8900  158.6490
156.7724  159.2259
158.1528  159.8313
158.7268  160.7309
158.8460  161.3632
158.9120  161.4704
159.7563  161.9336
160.1914  162.2380
160.6118  162.5251
161.3794  163.5046
162.7824  164.3074
163.3109  165.2593
163.4368  165.6038
163.4677  165.5727
163.4758  165.8134
165.2083  166.9610
165.4078  166.9540
167.7093  169.3639
168.8884  170.9727
168.9192  171.1429
169.1462  172.3477
169.2351  172.7063
169.6161  173.1429
169.6877  172.9624
169.7518  173.2348
169.8604  173.1721
171.5401  173.6758
172.1090  175.0018
172.1358  174.9933
172.1915  175.1695
172.6892  175.4033
173.0233  175.8136
173.1203  175.7513
173.6768  176.4968
173.8247  176.7871
174.7275  177.4747
175.4336  177.8706
175.5530  178.1440
176.1498  178.6556
176.2237  178.7450
176.2801  178.7773
177.5548  180.1999
177.5596  180.2039
177.7848  180.3798
178.0230  180.6725
178.3357  181.2072
178.5849  181.5361
178.8326  181.7773
179.8119  182.2637
181.1439  183.3477
181.4094  183.8058
181.4632  183.7913
181.9652  183.9407
182.6466  184.4828
182.9925  184.9887
183.2550  185.1438
183.6113  185.8821
183.6961  186.0012
184.1748  186.0692
184.8133  186.8763
184.8636  186.9409
185.9775  188.0567
185.9820  187.9552
187.1792  188.9485
187.4946  189.7145
187.5218  189.8124
187.5461  189.9015
187.8462  190.2403
188.2076  191.1466
188.2791  191.1961
188.3625  191.3044
188.5300  191.6674
188.7505  191.7088
189.0646  191.8322
189.0770  191.9178
189.4255  191.9738
191.1504  192.9602
191.7149  193.7609
191.7199  193.6949
191.9239  193.8352
192.4854  194.0695
193.0127  194.8763
194.8129  196.4825
195.4634  197.3770
196.8113  198.5264
196.9091  198.6548
198.0770  199.7005
199.6579  201.4462
199.8865  201.7348
200.3870  202.2532
200.6212  202.5753
201.4554  203.5585
201.4555  203.5570
202.0967  204.5387
202.5244  204.8440
204.7961  206.3419
204.9939  207.1708
205.1347  207.4670
205.8641  208.6604
205.8923  208.6859
206.0073  208.7683
206.9573  209.4935
206.9664  209.5559
208.2228  209.8399
209.4904  211.4148
209.5146  211.4814
209.7471  211.8604
211.0719  212.8459
211.2228  212.9179
211.6908  213.6143
211.7685  214.0776
211.8878  214.1898
212.1439  214.8380
212.2121  214.8795
212.4570  214.9647
212.9041  215.5831
214.0329  215.9319
214.0711  215.9836
215.2021  216.9843
215.3139  217.4227
215.3833  217.4596
216.2310  217.7211
217.1166  219.2928
217.2120  219.4853
217.3389  219.4503
217.7133  219.5282
219.5650  221.4850
220.2523  222.0380
223.5584  225.4465
224.1257  225.9544
225.3371  227.0976
225.4383  227.4366
225.4668  227.5117
226.2286  228.6611
226.2639  228.7729
226.3658  229.0792
227.2669  229.8356
227.3572  229.6479
229.1216  230.5874
230.2054  232.0027
230.3369  232.0378
231.4696  233.6369
231.8079  234.0363
231.9150  233.9852
233.5014  235.5235
234.2909  236.6135
234.5822  237.2647
235.2538  237.7620
236.2201  238.3700
236.8834  238.7416
237.1613  239.7922
237.3460  240.2721
237.9536  240.7364
238.2702  241.0338
238.2926  240.8944
239.8881  241.5925
240.1223  241.7854
240.3802  242.9526
240.6962  243.1558
240.9286  243.1749
241.8120  243.5437
242.3896  244.1086
243.0080  244.7049
244.7238  246.7024
245.5357  247.0552
246.1355  247.7818
246.8044  248.9869
246.9131  249.1781
248.6009  250.2772
249.5255  252.7596
249.5555  252.8140
249.7560  253.1485
250.0831  253.5288
250.1315  253.4284
251.4673  254.7141
252.1074  255.0248
253.0643  255.3974
253.7512  255.6361
253.8268  255.9445
254.1429  256.1595
254.1670  256.1767
255.0904  257.0497
255.2892  257.5746
255.8334  257.8660
256.1656  257.9995
256.7964  258.3566
257.6952  259.3147
258.7089  260.5962
259.5206  261.8529
259.6450  261.9081
260.5843  262.7295
261.3719  263.2514
262.3056  264.6390
262.9242  264.9312
263.6722  265.3657
263.7549  265.4157
264.2546  266.1955
265.3211  266.8073
265.8245  267.7064
266.1306  267.8572
267.6245  269.7655
267.6481  269.9439
267.7352  270.2185
268.1068  271.0852
268.2457  271.2556
268.6020  271.4495
268.7275  271.5528
269.0893  271.6651
269.1547  271.7407
269.3045  271.6186
270.5386  272.3414
270.7612  273.1721
271.0461  273.2755
271.5348  273.3411
271.8842  274.0239
272.0736  274.3614
272.3345  274.6148
272.4943  274.7742
273.8417  275.4057
277.0918  279.2456
277.5160  279.5426
277.5447  279.6407
277.5784  279.5330
280.3128  282.2519
280.4775  282.6208
280.7939  282.9595
281.0985  282.8882
281.5473  283.5298
281.9514  284.9649
282.4177  285.8595
282.5340  286.1475
282.7505  286.4074
282.8786  286.7307
282.9176  286.6488
284.1577  287.8719
284.7474  288.2644
284.9394  288.6469
285.4722  288.9477
286.7312  289.8901
286.7327  289.8610
286.8749  289.8298
287.5626  290.0567
288.0261  290.2767
289.0118  291.3578
289.1875  291.6089
292.2117  293.7492
293.3702  295.1362
293.5951  295.3985
294.4158  296.7802
295.4999  297.2702
295.9474  298.1606
296.0818  298.7645
296.2521  298.9655
296.2810  298.8298
298.1858  299.7263
298.3498  300.2490
298.5686  300.4524
298.8405  300.7614
299.2625  301.5698
299.6726  301.8577
299.6752  301.8019
299.6920  301.8957
300.3593  302.0910
300.7832  302.4112
301.3701  304.5002
302.3840  305.3957
302.7657  305.6997
303.0568  305.8952
303.1610  306.0497
303.7469  306.8409
303.9561  307.2332
304.2525  307.6379
304.5357  308.5300
304.5972  308.6497
304.9921  309.3508
305.3043  309.8219
305.5986  309.9061
307.2614  311.2861
308.2920  311.9817
309.3381  312.5866
310.2278  313.1076
310.6526  313.3766
311.0388  313.9035
311.1299  314.1928
311.2391  314.2354
311.3218  314.6300
311.7562  315.2300
312.4861  316.0121
312.5316  315.9855
312.8033  316.2781
312.8410  316.4257
312.8693  316.4743
312.9663  316.3380
314.0652  317.4282
315.3040  318.5765
315.7100  319.1400
316.0884  319.5677
316.3880  319.7579
316.4646  319.8437
317.0107  320.3497
317.2479  320.5274
318.0834  321.6387
318.8144  322.3732
319.0754  322.5842
319.5766  323.0228
321.2088  323.9872
321.9511  324.4455
322.5836  325.3512
322.8415  325.7151
323.0336  325.8877
323.2075  326.1728
323.4790  326.4585
324.6461  327.5640
324.9292  327.8295
325.1031  327.8291
325.3086  327.7229
326.8170  328.4861
327.0021  328.7868
327.1361  328.8402
328.0462  330.1136
328.1339  330.1132
328.2566  330.2147
329.3591  331.0028
329.5890  332.5988
329.8183  333.6016
329.8625  333.6338
330.0294  334.0799
330.2022  334.4446
330.8076  335.5372
331.2237  336.5265
331.2640  336.6596
331.3289  336.8303
331.9774  337.7228
332.0421  337.7764
332.7842  338.4202
333.2910  338.7743
334.0155  339.0555
334.1858  339.2020
334.4589  339.4560
334.5168  339.4523
335.5217  339.9021
337.0463  340.9378
337.6293  341.1597
338.1572  341.6472
338.1980  341.6260
338.4310  341.6061
339.4942  342.5491
339.6126  342.6552
339.6987  342.7539
339.7358  342.9461
339.9338  343.2532
339.9971  343.1219
341.2954  343.7291
341.7991  343.7675
343.3440  345.2900
343.4226  345.5434
343.6273  345.7942
343.7356  346.0024
344.8586  346.4958
345.5138  347.6266
345.7457  348.2630
346.0491  349.1047
346.0901  349.0113
346.1528  349.2387
346.5524  349.5381
346.9548  350.0805
347.0705  350.2314
348.2688  351.7842
348.5032  351.9188
349.0893  352.7013
349.2318  352.8080
349.4135  352.9663
350.0474  353.5857
350.3750  354.0734
351.2694  354.7130
352.0159  355.1534
353.0064  355.7670
353.0399  355.8288
353.0772  355.7052
354.1419  356.8519
355.9805  357.9518
356.1264  358.4615
358.6597  360.2250
359.3160  360.9543
360.5095  362.7546
361.1698  363.7676
362.5346  364.5157
362.7207  364.8820
362.8442  364.8618
364.3153  366.0172
364.8302  366.5270
365.7434  367.2898
366.5868  368.2473
366.9913  369.0248
367.0112  369.0142
367.0659  369.0098
367.6382  369.1738
368.3679  370.3450
368.5106  370.3060
369.2446  370.7238
369.7290  371.6944
369.7889  371.7801
370.2696  372.0453
370.5670  372.2785
370.8343  372.6623
371.7966  373.4346
372.3993  374.1929
372.4295  374.3936
372.7873  375.5686
372.8307  375.7538
372.8460  375.7530
373.5906  375.9933
374.0081  375.9654
374.6639  376.4089
375.1992  376.7940
375.3682  377.1377
377.1439  379.0075
377.1953  379.1650
377.3309  379.3098
378.2480  380.3384
378.2927  380.4202
379.6001  381.2569
379.9840  381.8772
380.1986  382.0485
380.4229  382.0985
381.4214  383.1163
381.9054  384.5987
381.9617  384.6170
383.9043  385.7512
384.0951  385.9107
385.2232  386.8681
386.2488  387.9422
386.6033  388.5344
386.7220  389.1929
386.7273  389.0076
386.8436  389.2518
388.6492  390.8365
388.7145  391.1476
388.7903  391.3919
389.4999  391.8158
390.5001  392.1603
390.6197  392.4957
390.7926  392.8648
390.9852  393.5048
391.0001  393.5424
391.2751  394.0455
392.7303  394.3844
393.2386  394.9434
393.6003  395.7465
394.0407  395.8879
396.2821  398.1365
396.8957  398.8099
397.0174  399.4873
397.4954  400.3179
397.6447  400.3424
398.0327  400.6896
398.1220  400.8190
398.2342  401.0494
399.1850  401.5718
399.2114  401.5368
400.3686  401.9839
401.3845  402.9870
401.7906  404.0569
401.8732  404.3225
402.6898  404.5296
403.0622  404.8054
403.8646  405.4982
403.9895  405.7700
404.3614  406.3314
405.2717  407.2327
406.5017  409.9243
406.5960  410.0204
406.8020  410.3887
407.4674  410.9523
407.7641  410.8721
409.2052  411.1995
409.7526  411.5317
410.1743  412.9007
410.3708  413.2822
410.4326  413.2614
411.2410  414.5896
411.3911  414.7296
411.6548  414.8603
412.4501  415.1942
412.9149  415.3127
413.6470  415.7023
416.2395  417.9760
416.5766  418.3972
417.0884  418.8942
417.5504  419.6338
417.8673  420.5036
417.9459  420.7296
418.1458  421.0690
418.1497  421.0392
418.1806  421.0611
418.5611  421.4138
418.8010  421.5817
419.5885  422.0083
419.9213  422.2010
420.1102  422.4007
421.5758  423.2178
422.4976  424.3937
422.5446  424.4062
423.1305  425.4519
424.2091  426.9418
425.0594  428.1000
425.3042  428.5990
425.7621  429.1618
425.8401  429.0664
425.9289  429.2431
428.1101  429.9665
431.5182  433.1848
432.9017  434.7635
434.2788  436.2026
434.3242  436.0301
434.9575  436.5646
436.8554  438.5175
437.0267  438.8961
437.3864  439.5237
437.4235  439.5593
438.0847  440.2191
438.7288  440.6206
438.9799  441.4554
439.3537  441.9351
439.4417  442.3736
440.6155  443.4840
440.6898  443.5493
441.8505  443.9923
442.2519  444.0810
442.7487  445.0466
442.8492  445.3223
443.3832  445.5268
444.0939  445.9106
444.3051  446.0809
445.1867  447.7210
445.3154  448.0490
445.3422  447.9674
446.9592  449.4708
447.1807  449.7447
447.2176  449.7173
447.7368  450.4429
448.3758  450.7116
449.2098  451.4894
449.4817  451.7849
449.5387  451.8761
449.7182  451.9938
449.8170  452.1720
451.9859  453.6678
452.0989  454.0253
452.6820  455.1796
452.7642  455.2463
453.2661  455.4893
454.2155  455.8832
455.4282  458.3355
456.3625  459.5104
456.6312  459.7845
456.7939  459.9782
456.9713  460.1625
457.2122  460.3915
457.6026  460.9684
457.6151  460.9032
458.7336  461.7088
458.8183  461.8724
458.9259  461.9254
459.2323  461.7503
460.7937  462.4844
461.7545  464.2187
461.9709  464.5227
462.8035  464.8200
463.0524  464.9474
463.7602  465.4159
465.1851  466.7482
465.4386  467.2021
466.6624  468.3736
468.0101  470.2448
468.8157  470.5239
469.2341  470.7021
469.8976  471.9365
470.9560  472.7963
471.9864  473.6063
472.1173  473.8412
472.5586  474.5176
472.6766  474.7633
473.0204  475.0054
473.2605  475.2465
473.3565  475.5223
474.6096  476.3793
475.7301  477.8424
475.7307  477.8019
476.0510  478.1468
477.4585  479.7707
478.8191  480.3242
479.7106  481.7016
479.8171  482.2852
479.9434  482.7111
480.5573  483.2837
480.8693  483.4405
482.2777  484.0080
483.0441  484.7050
483.2158  485.0923
483.6285  485.6854
483.6877  485.8751
483.8705  486.1178
485.9524  488.0708
486.0123  488.7846
486.0519  488.7649
486.2290  489.3295
486.2884  489.4775
486.3396  489.5331
486.3718  489.7937
487.4336  490.5964
487.7936  490.8995
488.5702  491.3405
489.2321  492.4974
489.8987  493.6394
490.1846  494.0111
490.9490  494.3603
491.9150  494.7953
492.8057  496.4163
492.9226  496.8057
493.0726  497.3652
493.3151  497.7960
493.5295  498.5419
494.0136  499.2900
494.6579  500.0515
495.2624  500.5461
495.6541  500.7517
496.0113  501.0761
496.2352  501.2395
496.5770  501.4775
496.5803  501.3398
498.5382  502.6284
499.3669  502.9515
499.4902  503.0437
499.9101  503.3624
500.1735  503.6054
501.7557  505.8328
501.7905  505.9512
501.8109  505.8850
502.2691  506.6627
503.0692  507.9032
503.1083  507.8701
503.1899  507.9821
503.6155  508.8396
504.4837  510.5205
504.6871  510.8973
505.8863  512.8867
506.1628  513.1784
506.2763  513.3283
506.3913  513.5037
506.4543  513.6133
506.6463  513.8596
506.8677  514.1260
508.4517  515.5303
508.4616  515.5949
508.7358  515.8040
509.3767  516.2670
510.5533  517.4704
510.6944  517.5631
510.8041  517.5246
511.5565  518.2756
512.0517  518.7369
512.1848  518.8003
512.5132  519.2524
512.5762  519.0855
512.7384  519.4225
513.0267  519.6908
513.6192  520.0711
513.7546  520.1501
513.9051  520.2938
514.1647  520.6366
514.1760  520.4381
516.0236  522.1952
516.1388  522.3444
516.3492  522.5915
517.2433  523.6471
517.3585  523.7254
517.7227  523.9940
518.3744  524.8722
518.5645  525.0639
518.6535  525.0715
519.3892  525.9362
519.5064  526.0432
519.7022  526.0548
519.8329  526.1544
519.9647  526.4016
520.3022  526.6288
521.3327  527.1582
523.0552  527.7705
523.5251  528.0289
523.9371  528.2287
523.9480  528.2161
524.8814  528.4486
525.0004  528.5743
527.0678  529.7684
528.1921  531.0713
528.1946  531.2280
528.3886  531.4101
528.6228  531.4938
529.0338  531.7152
529.2741  531.9896
530.3738  532.0716
531.2955  533.1404
531.3598  533.2008
531.5323  533.5654
531.6837  533.5658
532.0487  533.7775
532.5023  534.1887
532.6301  534.2930
534.2810  535.7895
534.6344  536.3436
534.7053  536.4291
535.0501  536.9633
535.6063  538.0199
535.8922  538.9583
536.0931  539.4623
536.1498  539.6142
536.7083  541.3437
536.9155  542.1381
537.0728  542.4973
537.0969  542.5620
537.1731  542.6379
537.4503  543.3942
537.5363  543.6070
538.3254  545.2126
538.4622  545.5511
538.4849  545.7743
538.5378  545.8982
538.9835  546.2788
538.9854  546.3343
539.0610  546.5209
539.1956  546.6075
542.0524  548.1654
543.5243  548.8278
544.0585  549.0937
544.6261  549.5287
546.4367  550.9522
547.4579  552.3195
547.5470  552.4883
547.5994  552.3817
547.8952  552.7270
548.4834  553.4327
548.6035  553.5693
549.1425  554.3160
549.4456  554.6017
549.4531  554.5919
549.5686  554.6811
550.2243  555.0572
550.3987  555.2139
551.4833  555.9403
552.1244  556.5563
552.2425  556.8271
553.8017  558.2036
554.2305  558.7603
554.4031  559.0305
554.4333  559.0278
555.6865  560.5081
556.2332  560.8222
556.4226  560.9651
557.2399  561.5769
557.3253  561.7441
558.1388  562.0347
558.4945  562.1117
561.2801  563.3950
561.3148  563.5328
562.0657  564.8598
562.1808  565.1813
562.8338  565.9015
562.9634  565.9186
563.7781  566.2301
564.5629  566.7040
564.9749  566.9367
565.5261  567.2058
565.8731  567.5984
565.9257  567.8573
568.5503  570.3768
569.1360  570.9241
569.2644  570.8995
570.0820  571.6577
571.7381  573.3383
572.9366  574.7896
573.4200  575.1162
573.6556  575.2559
574.0984  575.8558
574.7772  576.8346
575.2687  577.4734
576.0230  577.7780
576.3903  578.0528
577.5280  579.2426
578.7457  580.2958
579.0097  580.7192
579.1706  581.3627
579.6493  582.4419
579.7651  582.5796
580.1755  582.8602
582.5630  584.0645
582.8172  584.3388
583.0709  585.1863
583.8520  585.8345
584.5583  586.5678
585.6161  588.3991
585.7455  589.1106
585.8430  589.4834
586.9826  590.5196
587.0147  590.5500
587.4916  590.5778
588.8558  590.9925
589.0507  591.0552
590.7130  592.3128
590.9712  592.8810
591.2554  593.1090
591.7777  593.4485
592.2725  594.3857
592.4875  594.4940
593.4638  595.1654
593.4792  595.4023
593.8460  595.8269
594.9067  597.8214
595.1416  598.0214
595.5792  598.7651
595.8045  598.8177
595.9644  599.1110
596.5991  599.1102
598.3819  600.3605
599.0071  600.7835
600.4276  602.6439
600.9055  603.0866
602.7983  604.6384
603.3279  606.0059
603.4830  606.2901
605.0510  606.7118
607.1476  608.6089
607.6815  609.5734
607.8181  609.8827
608.7452  611.1384
609.5505  612.2411
610.1764  612.7044
610.3382  612.8077
610.3990  612.9986
611.2983  613.0591
612.0492  614.5583
612.1574  614.6682
612.2058  614.8745
612.3384  614.8202
612.4565  614.9568
612.7078  615.0855
613.5428  615.4009
615.1135  616.8010
615.8601  617.8708
616.6457  619.0575
616.6989  619.2463
616.7368  619.3860
617.5248  620.3152
617.8968  620.7069
618.1799  621.1090
618.5134  621.6404
619.4007  622.2099
619.4934  622.3824
620.2402  622.6362
620.9031  622.8889
621.3264  623.2914
621.3466  623.3765
622.4235  624.0932
622.9108  624.6246
623.9567  626.0658
626.3527  628.2219
627.0965  629.2022
627.1872  629.5837
627.2549  629.8381
627.4266  629.9204
627.9189  630.0355
629.0199  631.0098
629.6244  631.1092
630.5094  632.3392
630.7643  632.6328
631.1430  632.8874
631.4974  633.3817
631.6725  633.7923
631.7724  634.0782
632.9847  634.8624
633.2778  635.4830
634.5469  636.2431
635.3090  637.0033
635.6937  637.4720
636.5619  638.0873
636.8832  638.4805
637.3537  639.0502
637.8359  639.8797
639.5469  641.5505
639.7412  642.4812
639.7531  642.3696
639.8576  642.7266
640.4191  643.5990
640.6953  644.2704
640.7064  644.3002
641.1450  645.0327
641.7867  646.2915
642.0540  646.8073
642.2200  647.1644
642.6752  647.6708
642.9203  648.0743
643.4133  648.7483
644.3746  649.5649
644.9085  649.7342
645.7758  650.4574
645.8388  650.2403
647.2169  651.0123
647.2327  651.2255
648.5339  652.0626
648.8489  652.3825
650.3034  654.2306
650.5339  654.8074
650.5449  654.9394
650.5918  654.9687
650.7390  655.2563
651.7213  656.8732
652.0295  657.2763
652.4490  657.9102
652.6331  658.0316
652.9938  658.2774
653.2516  658.7440
653.3606  658.7071
653.7759  658.9911
653.9763  659.2617
654.0716  659.3135
654.1512  659.1922
655.2334  659.7987
655.2958  659.9383
656.5775  660.1373
656.8164  660.2885
658.1643  660.7360
658.3374  660.8324
659.7312  662.0343
659.7568  661.9601
660.5116  662.5168
660.5968  662.6490
660.9369  662.8589
661.2360  662.8410
661.9613  663.9321
662.0228  664.1981
662.1548  664.4903
662.5476  665.4626
662.6910  665.3508
663.0123  665.3312
664.3074  666.2810
664.5133  666.2327
665.1486  667.8495
665.7255  668.2335
665.8001  668.3890
666.9937  669.1357
667.2592  669.8955
667.4789  670.2266
668.1375  671.1518
668.3116  671.6329
668.7688  672.4395
669.4641  673.6665
669.4680  673.7190
670.0108  674.3340
670.3096  674.6315
670.3328  674.4800
670.4463  674.5382
670.5358  674.7902
670.8726  674.9457
671.9804  675.2536
672.6625  675.5544
673.2155  675.9921
674.1450  676.4629
674.7332  676.5259
675.8803  677.4138
676.1235  677.6830
679.2177  680.6955
679.7055  681.8913
680.0796  682.2392
680.6981  683.1780
680.7927  683.2779
680.8883  683.4866
680.9896  683.6322
681.0447  683.7704
682.3851  685.0946
682.4740  685.2191
682.8260  685.8045
683.0307  685.9614
683.3067  686.4821
684.0084  686.9306
684.6379  687.5020
685.6340  688.0424
685.9646  688.3095
687.0640  688.7483
687.6206  689.1933
688.5442  690.7726
688.5556  690.7337
690.1049  692.2694
690.1987  692.6143
690.8319  693.0901
691.0109  693.4293
691.2858  693.9982
691.5476  694.5579
691.8313  695.0979
691.9382  695.2737
692.4493  695.4620
692.5559  695.4885
693.6460  695.7116
694.6352  696.1525
695.6038  697.2241
696.1231  698.0614
700.4980  702.0517
700.9287  702.9691
702.9562  704.7250
703.0084  704.7461
703.3114  705.3282
703.4766  705.2050
704.5469  706.1626
704.7762  706.3817
704.9154  707.2359
705.2410  707.4218
705.5727  707.7500
706.9082  708.8968
707.5364  709.3670
709.4861  711.2191
710.0786  711.5939
710.3773  712.5711
710.4750  713.0086
710.6064  713.2182
710.7673  713.4421
711.6180  713.6742
712.1324  713.7973
712.7675  714.3065
712.9202  714.6130
713.4145  715.0166
715.6386  717.2334
716.5443  718.4807
717.5162  719.2263
718.4855  720.1042
719.3378  721.1243
719.3942  721.3326
719.6276  721.7028
719.8530  722.0485
720.0479  722.1951
720.6374  722.6586
721.1867  723.0243
721.4258  723.5554
723.0187  724.6693
723.6670  725.3171
723.9790  725.9553
724.1785  726.4554
724.2467  726.4606
724.6106  726.9613
724.8903  727.0629
725.0113  727.2914
725.3726  727.3994
726.2728  727.8519
726.7117  728.4530
726.9908  728.7589
727.4025  729.2161
727.5137  729.4361
728.0179  729.9789
728.1448  730.0247
728.7168  730.4035
729.8830  731.4630
730.1971  731.8451
732.9508  734.8866
733.8099  736.1526
733.8632  736.3117
733.8887  736.2972
735.0776  736.8363
735.7228  737.1877
736.2842  737.8710
736.6366  738.7373
736.8445  739.3177
737.1818  740.2543
737.2220  740.2119
737.3018  740.2232
737.9234  741.3314
738.1543  741.5558
738.8523  741.9861
739.0745  742.2524
739.2454  742.3837
739.6946  742.9018
740.5209  743.4640
740.8296  743.8118
741.9163  744.4490
742.4417  744.8904
742.8477  745.0840
744.0428  745.8362
744.3516  746.3023
744.9198  746.9626
745.2453  747.0760
745.4674  747.2277
746.0681  747.8591
746.5041  748.1861
748.8848  750.7586
749.4821  751.1308
749.8959  751.7256
750.7144  752.3724
751.1038  753.1003
751.6038  754.5607
751.7503  755.4332
751.7616  755.3015
752.0570  756.0916
752.0682  755.9491
752.5174  756.4191
752.8650  756.5869
753.4560  756.7216
753.8875  756.6145
754.7413  757.0090
754.9882  756.9663
757.3201  759.5003
757.6967  760.3142
757.8455  760.2814
759.2783  761.8218
760.0497  762.6921
760.4256  763.2829
760.6505  763.4073
762.0179  764.6097
762.3689  764.8851
762.6647  764.9721
764.3034  765.9396
765.9627  767.8608
765.9904  767.9429
766.1919  768.1023
767.1183  769.3329
767.4483  769.3382
768.1765  770.6910
768.1795  770.5992
768.6412  770.9796
768.7665  771.1034
770.2675  771.7952
770.4793  772.2140
770.7273  772.7254
771.9445  774.0760
773.6053  775.8604
773.7629  776.1549
773.8172  776.2100
773.9034  776.1081
775.1550  777.0327
775.4164  778.2494
775.6863  778.5468
776.1399  778.7908
776.8040  779.0439
776.8780  779.0854
777.4567  779.2135
777.8789  779.4420
778.7067  780.5570
779.3014  781.1030
779.5641  782.4739
779.9533  783.2512
780.0198  783.4035
780.1537  783.3497
782.0405  783.8681
782.8671  785.0027
783.6533  785.5779
783.7579  785.8456
783.9687  786.0338
784.3114  786.0710
785.0856  787.0355
785.4308  787.6339
786.1741  787.7547
786.7316  788.5820
786.7775  788.8846
787.1291  789.4005
787.2552  789.6078
787.8575  790.4479
788.5799  790.5672
789.5102  791.7409
789.6736  791.9597
790.8023  792.5874
791.3592  793.1581
791.4104  793.2471
792.6370  794.1094
793.0031  794.6561
793.2497  794.8600
793.4089  795.7951
793.4739  795.8469
793.9997  796.4351
794.5848  797.0100
794.6659  797.3085
794.7099  797.3832
794.7102  797.3075
795.7321  798.5972
796.1934  799.2685
796.4079  799.6230
796.9751  800.3380
797.2101  800.3267
797.9536  800.7753
797.9711  800.9653
799.1802  801.7833
800.6441  802.2267
801.1262  802.7908
801.5238  804.2201
801.6291  804.6810
802.1484  806.1360
802.7588  806.5685
803.4909  806.9943
803.5181  807.1966
803.7585  807.1327
804.3188  807.3723
804.5600  807.4927
805.1048  807.7877
805.3136  807.7508
808.1106  809.9991
808.2396  809.9987
809.0649  810.6111
809.9735  812.8561
809.9948  812.8159
810.3045  813.2570
810.3484  813.2631
810.5713  813.4748
810.5798  813.5860
810.8358  813.5593
810.8509  813.6917
812.2867  813.9897
812.4500  814.1249
812.7056  814.6648
813.4321  815.0608
813.5314  815.4950
813.6453  815.5258
813.9657  816.2070
814.0771  816.5133
814.3554  817.4581
814.4475  817.6289
814.4705  817.6593
814.6780  817.8085
814.9987  818.0663
815.6372  818.5721
816.2049  818.9674
816.2392  819.0114
816.6339  819.5488
816.7580  819.6837
817.7314  820.2138
818.1815  820.6935
818.8824  821.5578
818.8923  821.6333
819.4405  821.9795
819.8732  822.3850
819.8766  822.3900
820.1004  822.3657
820.4680  822.5765
821.3365  823.5676
821.4628  823.5892
821.7478  824.1763
821.8153  824.4106
821.9606  824.6519
822.3243  825.0499
822.3369  825.1793
822.8973  825.5845
823.8439  826.4422
824.0576  826.7115
824.7218  827.0446
825.1941  827.2173
825.9889  827.6694
826.3408  828.0858
826.9776  828.8044
828.1378  829.8666
828.2178  830.0966
829.2871  830.7765
830.4715  832.6248
830.5095  832.7704
831.1943  833.5218
831.4937  833.7580
831.8888  834.2290
832.4691  834.6157
832.8525  834.9411
833.0358  835.0159
833.1945  835.0324
834.7850  836.3880
835.1747  837.3495
835.2279  837.7129
835.2495  837.6607
835.3019  837.6978
836.4900  838.1532
836.8930  838.8644
837.2604  839.1426
838.0395  839.8361
838.0881  840.2398
838.3014  840.6511
838.4279  840.5591
839.6548  841.2612
840.4328  842.0405
840.8762  842.6496
841.1854  842.8118
841.9935  843.9848
842.6283  844.5844
844.5477  846.6178
845.3425  846.9842
845.7803  847.2826
846.8867  848.6018
847.3222  849.2352
848.1707  850.3933
848.2105  850.4909
848.2443  850.4926
849.8028  852.1524
849.9378  852.3238
850.0480  852.3561
851.1104  852.8708
851.2659  853.1186
852.8097  854.3414
853.5564  855.8375
853.6496  856.3578
853.9016  856.6305
854.3189  857.0901
854.5923  857.2003
854.8526  857.3420
855.7832  857.9743
855.8063  858.0383
855.8720  857.9330
857.9833  860.0220
858.0234  860.0390
859.2646  860.9713
859.6785  861.3588
860.8421  862.4667
861.3791  862.8798
862.4754  864.0954
862.7088  864.7673
863.9379  865.4063
864.2208  865.8397
864.3582  866.0214
864.6545  866.2309
865.0289  866.8957
865.3597  867.4233
865.8351  868.3123
865.8825  868.2831
866.1721  868.4924
866.9272  868.9221
867.0050  869.0219
867.0390  869.1355
867.5001  869.4734
868.0591  870.9965
868.1642  871.2270
868.2662  871.5743
868.3010  871.5437
868.6509  872.3097
868.8858  872.5031
868.9294  872.6489
869.7617  873.8763
869.8975  874.1850
869.9850  874.4462
870.6392  875.2295
870.7674  875.3560
871.1445  875.8181
871.2626  876.1340
871.4877  876.3329
872.0865  877.0415
872.2646  877.2872
872.5755  877.5731
873.1316  877.9630
873.4014  878.0431
874.0081  878.5015
874.5240  879.0157
875.4882  879.2539
876.2005  879.6169
876.6623  879.6474
878.5642  880.1114
878.8904  880.6810
879.0113  881.2230
879.0870  881.3307
879.1160  881.5378
879.2451  881.6804
879.9641  882.3261
880.2121  882.5029
881.0575  883.1428
881.6458  883.8963
881.8388  883.9623
883.0422  884.8679
883.2492  885.0582
883.3365  885.3003
884.3310  886.0539
885.6065  887.9629
885.8849  888.6169
885.9594  888.5234
886.7029  889.4772
886.7090  889.5308
887.5563  889.9110
887.7552  889.9372
888.4807  890.8183
888.5226  890.8348
889.0116  891.3358
889.5842  891.6218
890.0131  891.6330
892.1024  894.4600
894.6264  896.6815
894.8537  897.4786
894.9222  898.0050
894.9694  897.9863
895.1470  898.5760
895.6656  899.0818
895.7756  899.2799
895.8342  899.2838
895.9528  899.2108
898.2359  900.9199
898.2415  900.8973
899.0458  901.2077
899.7329  902.4651
899.8358  902.7408
899.8535  902.7563
900.0351  903.2843
900.4409  904.0925
900.6231  904.4239
900.8692  904.5368
901.2490  905.1550
901.3657  905.2117
901.5351  905.2651
902.3460  905.9822
902.4270  906.1719
902.4841  906.1947
903.3488  907.0720
903.5186  907.2488
903.6165  907.2085
904.0715  907.8673
905.1833  908.9544
905.3515  909.0990
905.3734  909.3159
905.5559  909.2933
905.6265  909.3069
905.9956  909.4292
907.3821  910.5885
907.3860  910.5748
907.4761  910.6969
908.7551  911.8219
909.4147  912.1261
909.7471  912.3384
910.5868  912.8281
910.6872  912.9636
911.9426  914.0422
912.0065  914.1998
912.6520  914.4837
913.2142  915.1459
913.4068  915.5779
913.4424  915.7444
913.6605  916.1307
913.7530  916.3817
913.9995  916.7046
914.4753  917.1421
915.4458  917.9138
915.8452  918.2393
915.8729  918.4048
916.2116  918.4133
917.7921  919.4855
919.2145  921.0363
919.6130  921.5667
920.6794  923.7677
920.7258  923.7816
921.0288  923.9656
922.1260  924.2181
922.9540  924.4469
924.1301  925.6556
924.6405  926.1844
925.2625  926.8885
925.6748  927.4268
927.1913  928.7564
927.3645  929.2541
927.6240  929.3346
927.9939  929.5355
928.9027  930.8090
929.3570  931.2207
930.1199  931.7906
930.2236  931.9181
930.5404  932.6096
930.6530  932.7790
931.4435  933.0568
931.9017  933.6748
932.0476  933.7331
932.7361  934.4143
933.0938  934.8746
933.1521  934.8953
933.6264  935.1930
935.7018  937.6954
936.7334  938.5014
937.8285  939.3727
940.2779  942.1828
940.3483  942.4548
940.7033  943.0122
940.8085  942.9940
942.0284  944.0265
942.2490  945.0540
942.3591  945.3109
942.7768  945.6691
943.8725  947.1305
944.2453  947.2688
944.5184  947.5667
944.6900  947.4691
944.7352  947.6811
945.7600  948.0228
945.9599  947.8357
946.8244  948.8529
946.8522  949.0970
947.0390  949.2116
947.7860  949.5696
948.2805  949.9114
949.0403  951.2538
949.1065  951.5150
949.5800  951.6131
949.8953  951.6012
950.7706  952.4989
951.4583  953.1842
952.6564  954.7303
952.7423  954.8203
955.1214  956.9077
955.1766  956.9230
955.8150  957.6956
957.1202  958.6547
957.9584  959.6011
958.7042  960.4973
959.5835  961.2213
960.1261  961.9876
960.7070  962.3654
961.1417  962.8137
962.0730  963.8414
962.4945  964.4703
962.7310  964.5436
964.3357  966.7644
964.4023  967.2402
964.4763  967.3113
964.8055  967.8986
965.3912  968.0938
966.1830  968.3663
967.3514  969.2836
967.3596  969.3590
967.4372  969.3326
968.3793  970.0415
968.6745  970.5221
969.8409  971.4946
970.1840  971.9053
971.1150  973.3447
971.2268  973.6186
971.3708  973.9098
971.4407  974.0316
971.4751  973.8926
972.5135  974.2467
973.1499  974.7892
973.5208  975.3585
974.0789  975.8293
974.4262  976.2450
975.6610  977.3134
975.7565  977.5524
976.6053  978.5872
977.1396  979.4235
977.2335  979.5604
977.4449  979.5590
979.6612  981.3393
981.5178  983.4766
981.5457  983.8123
981.7592  984.4851
982.1265  984.7781
982.6275  985.5010
982.7755  985.8112
983.1345  986.1491
983.5327  986.8903
984.1897  987.0884
984.2935  987.2235
986.0987  988.2057
987.5114  989.2268
988.7476  990.6275
989.2872  990.7739
989.8182  992.4364
990.0441  992.5006
990.3582  993.0310
990.7744  993.7081
990.9587  994.0060
991.1101  994.3439
991.3170  994.7464
992.4671  996.2931
992.5991  996.6504
992.6970  996.6886
993.4230  997.7437
993.5616  997.8183
994.0201  998.3151
994.7935  998.9413
995.0983  999.1066
995.1099  999.3357
996.6629  999.6084
997.4776  999.6847
998.1314  999.8389
998.4516  1000.0877
